-5662.81 2220.25 465.375 -5757.64 2323.52 468.693
63218.2 -68958.9 819.932 63113.4 -68874.8 821.31
67750.6 -72384.3 861.771 67600.7 -72316.9 864.529
65738.5 -71103.8 845.673 65603.7 -71011 844.332
43714.1 -43872.4 656.727 43593.7 -43753 655.799
43844 -43981.5 656.666 43714.1 -43872.4 656.727
27242 -27893.1 595.712 27154.9 -27931.8 593.271
15270 -12012.2 549.462 15153.3 -11937.4 550.729
56920.7 -63677.4 757.734 56821.9 -63527.6 755.519
-36459.7 55720.1 353.334 -36562.4 55880.3 353.523
-36254.3 55399.9 353.773 -36356.9 55560.1 353.734
-26680 40472.3 371.826 -26734.2 40557 371.775
7270.99 -5913.25 499.406 7110.69 -5794.75 498.744
7591.44 -6150.46 500.801 7431.16 -6031.93 499.891
7751.7 -6269.02 501.381 7591.44 -6150.46 500.801
8553.01 -6861.79 506.12 8392.77 -6743.21 505.38
8713.3 -6980.3 507.125 8553.01 -6861.79 506.12
8873.57 -7098.85 508.183 8713.3 -6980.3 507.125
9033.85 -7217.38 509.32 8873.57 -7098.85 508.183
9835.21 -7810.09 515.08 9674.97 -7691.51 513.644
10476.3 -8284.24 518.485 10316.1 -8165.66 517.09
54634.6 -62212.1 734.297 54603 -62078.8 732.56
54461.7 -59852.5 721.119 54449.8 -59716.1 719.296
2928.21 -3184.57 483.935 2749.16 -3120.68 483.228
3103.48 -3258.19 484.138 2928.21 -3184.57 483.935
-20060.9 30160.4 464.369 -20162.1 30310.2 461.731
-33320.7 50825.6 358.919 -33427.6 50992.3 358.495
-33106.9 50492.1 359.476 -33213.9 50658.8 359.205
-33000 50325.4 359.384 -33106.9 50492.1 359.476
-32572.3 49658.6 360.896 -32679.2 49825.3 360.46
-32465.3 49491.9 360.901 -32572.3 49658.6 360.896
21961.8 -20327.7 575.371 21880.6 -20231.7 571.458
-32358.3 49325.2 361.461 -32465.3 49491.9 360.901
-32144.5 48991.8 362.323 -32251.3 49158.6 361.86
-32037.5 48825.1 362.327 -32144.5 48991.8 362.323
-31930.6 48658.4 362.553 -32037.5 48825.1 362.327
-31503 47991.5 364.279 -31609.9 48158.2 364.025
-31289.2 47658 364.796 -31396 47824.8 364.23
-31075.2 47324.7 365.028 -31182.1 47491.4 364.778
-30647.5 46657.9 365.454 -30754.5 46824.5 365.476
-30433.7 46324.4 364.616 -30540.7 46491.1 365.167
-30113 45824.2 364.848 -30219.8 45991 364.505
-30006.1 45657.5 364.784 -30113 45824.2 364.848
-29792.2 45324.1 365.614 -29899.3 45490.7 365.434
-29685.4 45157.3 365.845 -29792.2 45324.1 365.614
-29578.4 44990.6 366.104 -29685.4 45157.3 365.845
-29471.4 44824 366.094 -29578.4 44990.6 366.104
60651.1 -66205.4 793.101 60608.3 -66104.5 790.963
-29043.7 44157.1 367.171 -29150.6 44323.8 366.806
-28936.8 43990.4 367.031 -29043.7 44157.1 367.171
-28508.6 43323.9 367.671 -28615.9 43490.3 367.561
-28080.8 42657.1 368.647 -28187.8 42823.7 368.342
-27973.8 42490.4 368.567 -28080.8 42657.1 368.647
60586.7 -66212.4 793.72 60441.1 -66117.1 793.127
-35809 54705.5 354.489 -35916.4 54873.1 354.499
-35701.6 54538.1 354.692 -35809 54705.5 354.489
-35594 54370.7 354.872 -35701.6 54538.1 354.692
-35486.7 54203.1 355.182 -35594 54370.7 354.872
-35379.1 54035.7 355.222 -35486.7 54203.1 355.182
-35164.3 53700.8 355.479 -35271.7 53868.2 355.403
-34949.3 53365.8 356.25 -35056.7 53533.3 355.739
-34841.8 53198.4 356.43 -34949.3 53365.8 356.25
27174.1 -27723 596.125 27140.6 -27830.8 599.201
-34626.9 52863.4 356.822 -34734.3 53031 356.578
-34519.4 52696 356.645 -34626.9 52863.4 356.822
-34412 52528.5 356.802 -34519.4 52696 356.645
-34304.7 52361 356.929 -34412 52528.5 356.802
57992 -64511.2 767.505 57893.2 -64446.5 766.824
56869.8 -63780.7 760.283 56739 -63705.1 761.193
-33712.5 51598.5 357.583 -33849.5 51685.1 357.163
-37537.5 57399.8 352.207 -37637.5 57554.7 352.134
-37238.4 56934.2 352.716 -37337.8 57089.5 352.557
-37039.1 56623.7 353.046 -37138.8 56778.9 352.806
-36939.4 56468.5 352.973 -37039.1 56623.7 353.046
54621.9 -62361.6 732.889 54567.8 -62212.1 733.512
-33529.6 51299 358.04 -33528.8 51463.8 357.92
-18320.9 27534.3 473.85 -18418 27678.5 471.733
-17915.6 26930.9 479.214 -18017.9 27083.5 478.798
-17198.2 25863.4 475.964 -17300.7 26015.9 476.347
-19631.8 29574.5 465.857 -19741.7 29730.3 466.007
-19244.8 28917.5 465.025 -19343.1 29080.8 465.204
-19142.1 28756.8 464.762 -19244.8 28917.5 465.025
-18929.6 28440.2 464.292 -19036 28598.4 464.509
-26309.4 39894.5 373.181 -26417 40062.3 372.743
-26201.9 39726.7 373.621 -26309.4 39894.5 373.181
-26094.1 39559 373.792 -26201.9 39726.7 373.621
-25986.7 39391.1 374.471 -26094.1 39559 373.792
-25771.5 39055.6 375.322 -25879 39223.4 374.602
-25663.8 38887.8 376.442 -25771.5 39055.6 375.322
-25556.1 38720.1 379.026 -25663.8 38887.8 376.442
-25448.5 38552.4 381.619 -25556.1 38720.1 379.026
-25340.8 38384.7 382.676 -25448.5 38552.4 381.619
-25125.7 38049 383.155 -25233.2 38216.9 382.663
-24803 37545.7 386.99 -24910.5 37713.5 385.546
-31823.6 48491.7 363.089 -31930.6 48658.4 362.553
-24587.9 37210.1 389.855 -24695.4 37377.9 388.421
-31609.9 48158.2 364.025 -31716.8 48324.9 363.486
-24372.6 36874.6 392.796 -24480.1 37042.4 391.009
-23942.2 36203.5 398.684 -24049.8 36371.2 397.099
-23726.9 35868 402.009 -23834.6 36035.7 399.961
-23619.3 35700.2 403.613 -23726.9 35868 402.009
-23511.7 35532.5 404.855 -23619.3 35700.2 403.613
-23081.4 34861.3 411.954 -23189.4 35028.8 410.274
-22973.8 34693.6 413.812 -23081.4 34861.3 411.954
-22758.5 34358.1 419.599 -22866.3 34525.7 416.601
-22650.9 34190.3 421.101 -22758.5 34358.1 419.599
-22543.2 34022.6 421.381 -22650.9 34190.3 421.101
-22220.4 33519.2 424.596 -22328 33687 422.776
54465.7 -59989.3 725.266 54461.7 -59852.5 721.119
-22112.8 33351.5 426.202 -22220.4 33519.2 424.596
-21897.6 33015.9 428.834 -22005.2 33183.7 427.87
-21682.5 32680.4 431.638 -21790.1 32848.1 429.837
-21467.3 32344.8 434.895 -21574.9 32512.6 433.425
-21252 32009.3 438.787 -21359.7 32177 436.951
-20821.7 31338.2 447.714 -20929.3 31506 445.319
-20714 31170.4 449.855 -20821.7 31338.2 447.714
-20606.4 31002.7 451.949 -20714 31170.4 449.855
-20498.8 30834.9 452.995 -20606.4 31002.7 451.949
-26605.8 40489 371.496 -26718.7 40567.4 371.558
49442.5 -51122.3 685.696 49322.3 -50975.8 685.254
49808.5 -51557.4 687.739 49687.4 -51411.6 689.013
49925.7 -51706.2 686.76 49808.5 -51557.4 687.739
-27667.3 42012.6 369.689 -27767 42168.2 369.201
-27467.8 41701.4 370.167 -27567.8 41856.8 369.656
-27368.1 41545.7 370.118 -27467.8 41701.4 370.167
-27268.3 41390.2 370.523 -27368.1 41545.7 370.118
48509.3 -49726.2 685.7 48422.5 -49577.1 682.832
48596.3 -49875.1 686.465 48509.3 -49726.2 685.7
48683 -50024.2 685.013 48596.3 -49875.1 686.465
48770 -50173.1 683.389 48683 -50024.2 685.013
4298.26 -4044.64 492.88 4152.4 -3937.06 492.879
4443.78 -4152.68 493.298 4298.26 -4044.64 492.88
-5950.36 2375.38 463.663 -6074.51 2467.22 463.373
-5826.14 2283.62 463.925 -5950.36 2375.38 463.663
7911.97 -6387.55 502.438 7751.7 -6269.02 501.381
-5701.96 2191.8 464.258 -5826.14 2283.62 463.925
-10583.8 5799.32 452.506 -10725.5 5902.8 452.034
-10442.1 5695.92 453.155 -10583.8 5799.32 452.506
-11813.6 7071.59 449.256 -11851.6 7189.93 448.426
800.985 -2501.15 480.304 638.281 -2420.86 480.054
9194.13 -7335.91 510.239 9033.85 -7217.38 509.32
-5086.53 1736.9 466.098 -5244.92 1853.97 465.672
-20929.3 31506 445.319 -21036.9 31673.7 443.097
-4928.25 1619.7 466.337 -5086.53 1736.9 466.098
10316.1 -8165.66 517.09 10155.8 -8047.12 516.184
-4611.44 1385.64 467.037 -4769.81 1502.71 466.671
-17095.8 25710.9 474.716 -17198.2 25863.4 475.964
-4294.72 1151.43 467.767 -4453.11 1268.49 467.383
-4136.32 1034.39 468.159 -4294.72 1151.43 467.767
-3979.03 915.869 468.608 -4136.32 1034.39 468.159
-3822.18 796.745 469.115 -3979.03 915.869 468.608
-3665.07 677.98 469.242 -3822.18 796.745 469.115
-3186.3 331.734 470.566 -3346.12 446.838 470.233
-3027.81 214.815 470.887 -3186.3 331.734 470.566
-2869.47 97.6879 471.259 -3027.81 214.815 470.887
-2711.05 -19.3307 471.609 -2869.47 97.6879 471.259
-2552.7 -136.448 471.951 -2711.05 -19.3307 471.609
-1919.21 -604.767 473.475 -2077.59 -487.699 473.199
-1288.52 -1076.82 474.719 -1447.75 -960.904 474.451
-18302.4 27617.3 474.504 -18402.9 27689.7 471.666
-1128.7 -1191.92 475.054 -1288.52 -1076.82 474.719
-810.644 -1424.28 475.894 -969.038 -1307.23 475.42
-652.419 -1541.56 476.423 -810.644 -1424.28 475.894
-495.549 -1660.65 477.056 -652.419 -1541.56 476.423
54105.8 -58213.6 714.222 54076.4 -58049.2 711.899
-17505.6 26320.9 477.716 -17608.1 26473.4 478.02
-338.602 -1779.64 477.472 -495.549 -1660.65 477.056
468.365 -2283.48 480.139 332.503 -2225.55 478.99
-5956.92 2424.56 464.466 -6060.85 2483.37 462.951
-9800.03 5221.47 454.273 -9955.17 5336.2 453.984
-9644.82 5106.85 454.504 -9800.03 5221.47 454.273
-9024.24 4647.99 456.066 -9179.4 4762.69 455.534
-8869.12 4533.24 456.443 -9024.24 4647.99 456.066
-8403.65 4189.14 457.257 -8558.82 4303.82 456.995
-8248.52 4074.41 457.603 -8403.65 4189.14 457.257
-7938.14 3845.09 458.275 -8093.37 3959.69 457.91
-7783.02 3730.34 458.754 -7938.14 3845.09 458.275
-7627.83 3615.69 459.129 -7783.02 3730.34 458.754
-7472.73 3500.91 459.565 -7627.83 3615.69 459.129
-7162.38 3271.56 460.163 -7317.56 3386.23 459.723
-6696.97 2927.38 461.479 -6852.08 3042.14 461.001
7431.16 -6031.93 499.891 7270.99 -5913.25 499.406
-10218.4 5530.84 453.721 -10300.9 5591.79 453.576
-11965.2 8274.47 452.558 -11977.7 8453.17 453.418
-11940.1 7917.08 446.773 -11952.4 8095.79 448.487
-12093.3 13040.1 436.885 -12091.4 13231 436.492
-19530.7 29412.9 465.835 -19631.8 29574.5 465.857
-12095.2 12849.2 437.237 -12093.3 13040.1 436.885
-12097 12658.3 437.522 -12095.2 12849.2 437.237
66130.9 -71386.5 848.098 65982.9 -71266.1 846.891
-12102.7 12085.5 438.161 -12100.8 12276.4 437.922
9674.97 -7691.51 513.644 9514.71 -7572.95 512.216
-12106.9 11703.7 438.804 -12104.8 11894.6 438.541
-12109.2 11512.7 439.061 -12106.9 11703.7 438.804
-24049.8 36371.2 397.099 -24157.5 36539 395.626
-13326.8 20095.4 440.133 -13434.8 20256.8 441.01
-13216.4 19935.5 439.025 -13326.8 20095.4 440.133
-11769.6 7095.16 448.625 -11832.1 7197.75 448.348
-11886.5 7338.21 447.904 -11908.6 7488.94 447.754
-12041.6 9346.5 442.971 -12052.4 9498.1 442.881
-12110.3 11020.7 440 -12108.2 11214.9 439.646
-12112.4 10826.5 439.995 -12110.3 11020.7 440
-12114.2 10632.3 440.829 -12112.4 10826.5 439.995
-12091.8 10050.1 442.017 -12104.4 10244 441.048
54371.8 -59299.6 719.268 54349.7 -59186.1 718.41
-12785.4 19300.3 434.963 -12894.4 19462.7 435.871
-22435.7 33854.8 421.639 -22543.2 34022.6 421.381
-12676.3 19137.9 434.303 -12785.4 19300.3 434.963
60992.1 -66478 797.471 60838.8 -66377.6 795.351
-12570.2 18973.5 433.631 -12676.3 19137.9 434.303
-12473.1 18803.8 432.954 -12570.2 18973.5 433.631
67309.7 -72232.8 856.112 67194.5 -72163.9 853.667
-12385.5 18628.9 432.361 -12473.1 18803.8 432.954
-24695.4 37377.9 388.421 -24803 37545.7 386.99
-12307.8 18449.4 431.816 -12385.5 18628.9 432.361
-12136 17888.9 431.315 -12183 18078.7 431.099
-1762.12 -723.568 473.786 -1919.21 -604.767 473.475
-12099.6 17696.7 431.521 -12136 17888.9 431.315
-17300.7 26015.9 476.347 -17403.1 26168.4 477.137
-11088.9 6170.58 451.467 -11169.8 6230.31 451.254
-12074.1 17502.7 431.668 -12099.6 17696.7 431.521
-12055.2 17112.1 431.824 -12059.2 17307.7 431.732
-12063.7 16134 432.383 -12062 16329.7 432.3
-12065.6 15938.4 432.526 -12063.7 16134 432.383
-12072.7 15547.2 432.95 -12068.4 15742.8 432.723
-1605.24 -842.635 473.943 -1762.12 -723.568 473.786
-12076.9 15351.6 433.052 -12072.7 15547.2 432.95
-12079.9 14960.4 433.481 -12078.9 15156 433.26
-12081 14764.8 433.678 -12079.9 14960.4 433.481
-12082.1 14569.1 433.918 -12081 14764.8 433.678
54479.1 -60810.5 724.237 54468.5 -60665.9 726.47
10155.8 -8047.12 516.184 9995.54 -7928.55 515.673
-16436.4 24734.2 470.22 -16544.4 24894.8 471.182
-16328.5 24573.4 469.311 -16436.4 24734.2 470.22
-16220.5 24412.8 468.417 -16328.5 24573.4 469.311
-16004.6 24091.5 466.313 -16112.6 24252.1 467.495
-15896.8 23930.7 465.178 -16004.6 24091.5 466.313
-15790.3 23769.1 464.113 -15896.8 23930.7 465.178
-29899.3 45490.7 365.434 -30006.1 45657.5 364.784
54523.6 -62059.3 735.079 54490.2 -61903.9 735.675
-12002.8 8802.34 449.031 -12016.8 8998.62 443.827
-15249.3 22966.7 458.922 -15359.3 23126 460.006
-15141.1 22806.2 457.856 -15249.3 22966.7 458.922
-15033.1 22645.6 456.856 -15141.1 22806.2 457.856
-14493.4 21842.2 451.601 -14601.3 22002.9 452.843
-14385.5 21681.5 450.378 -14493.4 21842.2 451.601
-33777.9 51538.3 357.43 -33865.6 51675.1 356.915
-14277.4 21520.9 449.1 -14385.5 21681.5 450.378
-14169.5 21360.2 447.854 -14277.4 21520.9 449.1
-14925.1 22484.9 455.811 -15033.1 22645.6 456.856
-14061.6 21199.5 446.55 -14169.5 21360.2 447.854
56548.3 -63613.9 761.744 56413.3 -63561.3 762.248
-26566.1 40472.4 371.681 -26463.7 40456.3 371.816
55807.6 -63352.1 748.709 55704.9 -63315.7 746.677
65010.7 -70606.3 838.414 64894.6 -70521.4 837.151
-11972.4 9047.1 443.586 -12015.7 9195.7 443.039
66182.5 -71459.4 850.149 66097.6 -71397.3 851.58
66558.1 -71736.3 849.907 66436.8 -71647.7 849.107
66679.4 -71825 850.905 66558.1 -71736.3 849.907
-12058.5 16720.9 432.066 -12056.7 16916.5 431.959
52823.4 -55752.7 704.498 52766.2 -55667.4 704.003
-28294.8 42990.4 367.751 -28401.8 43157.1 367.874
53740.4 -57114.7 709.008 53650.3 -56967.6 708.309
57151 -63964 760.205 57030.6 -63884.5 759.772
55427.6 -63273.3 739.651 55256.9 -63224.7 742.151
55599.9 -63316.2 739.717 55427.6 -63273.3 739.651
-4453.11 1268.49 467.383 -4611.44 1385.64 467.037
55770.5 -63365.9 744.72 55599.9 -63316.2 739.717
55940.6 -63416.9 751.891 55770.5 -63365.9 744.72
58450.5 -64812 772.292 58299.3 -64712.7 770.866
-25233.2 38216.9 382.663 -25340.8 38384.7 382.676
58601.8 -64911.2 773.818 58450.5 -64812 772.292
58904.3 -65109.6 777.839 58753 -65010.4 775.996
59055.6 -65208.7 779.835 58904.3 -65109.6 777.839
59206.9 -65307.9 781.817 59055.6 -65208.7 779.835
59358.1 -65407.1 783.491 59206.9 -65307.9 781.817
59509.4 -65506.2 785.392 59358.1 -65407.1 783.491
-36840.9 56312.6 353.105 -36939.4 56468.5 352.973
59660.7 -65605.4 786.898 59509.4 -65506.2 785.392
61896.9 -67073.2 804.88 61731.9 -66963 803.125
62562.2 -67799.4 815.463 62454.7 -67632.6 813.926
62736.2 -68155.8 817.961 62655 -67974.7 816.685
62951.9 -68642 821.058 62899.4 -68523.2 820.344
-23189.4 35028.8 410.274 -23296.6 35196.9 408.259
-12100.8 12276.4 437.922 -12098.9 12467.3 437.714
63079.2 -68929.4 823.106 63004.5 -68760.7 821.902
63373.8 -69393.4 824.813 63253.4 -69253.8 825.105
-28722.9 43657 367.487 -28829.7 43823.8 367.447
64153 -69979.7 832.78 63997.2 -69865.9 827.489
64308.9 -70093.5 835.375 64153 -69979.7 832.78
-8093.37 3959.69 457.91 -8248.52 4074.41 457.603
64464.7 -70207.3 834.679 64308.9 -70093.5 835.375
64620.6 -70321.1 833.216 64464.7 -70207.3 834.679
65836.6 -71206.9 851.333 65705.9 -71111.8 848.444
65967.1 -71302 853.087 65836.6 -71206.9 851.333
67393.4 -72346.8 857.289 67236.8 -72232.4 855.259
67550 -72461.2 859.095 67393.4 -72346.8 857.289
67706.6 -72575.7 861.127 67550 -72461.2 859.095
67863.2 -72690.1 863.004 67706.6 -72575.7 861.127
68512.5 -73164.4 869.08 68360.9 -73053.5 867.766
68664.1 -73275.3 870.188 68512.5 -73164.4 869.08
68815.7 -73386.2 871.512 68664.1 -73275.3 870.188
68967.4 -73497.1 873.424 68815.7 -73386.2 871.512
69119.1 -73607.9 875.769 68967.4 -73497.1 873.424
69574.2 -73940.1 879.806 69422.5 -73829.4 878.69
69877.7 -74161.7 882.652 69726 -74050.9 881.073
70181 -74383.3 888.239 70029.4 -74272.5 885.272
39917.2 -39361.2 633.678 39809.9 -39281 635.725
62199.6 -67329.2 809.609 62053.7 -67194.8 807.315
51313.1 -53597 696.019 51238.4 -53506.7 695.4
-12088.2 13553.3 435.798 -12086.8 13719.2 435.371
-12068.4 15742.8 432.723 -12065.6 15938.4 432.526
-14709.3 22163.5 453.798 -14817.3 22324.2 454.779
52082.6 -54984.6 702.978 52006.8 -54897.1 699.868
42709.2 -42773.6 650.236 42597.5 -42639.4 649.488
43677.4 -43877.8 656.709 43558.1 -43742.1 655.685
43796.6 -44013.7 659.164 43677.4 -43877.8 656.709
43915.9 -44149.4 662.103 43796.6 -44013.7 659.164
44035.1 -44285.3 662.617 43915.9 -44149.4 662.103
-28187.8 42823.7 368.342 -28294.8 42990.4 367.751
44154.4 -44421 660.703 44035.1 -44285.3 662.617
44273.5 -44556.9 658.674 44154.4 -44421 660.703
44392.8 -44692.7 659.114 44273.5 -44556.9 658.674
47507.8 -48047 678.28 47394.4 -47900.4 676.826
47710.9 -48357.1 679.009 47613.4 -48199.4 680.002
47804.3 -48517.3 675.843 47710.9 -48357.1 679.009
62655 -67974.7 816.685 62562.2 -67799.4 815.463
47897.7 -48677.4 675.731 47804.3 -48517.3 675.843
43202.2 -43336.3 653.297 43099.6 -43219.4 652.671
-28829.7 43823.8 367.447 -28936.8 43990.4 367.031
-27068.8 41079 370.975 -27168.5 41234.6 370.536
50579.6 -52625.2 691.675 50463.5 -52462.6 690.896
50695.5 -52787.8 692.435 50579.6 -52625.2 691.675
50811.5 -52950.4 693.19 50695.5 -52787.8 692.435
50927.4 -53113.1 694.016 50811.5 -52950.4 693.19
51043.4 -53275.7 694.822 50927.4 -53113.1 694.016
4023.33 -3840.71 492.052 3847.87 -3712.32 491.157
46371 -46804.9 673.283 46243.6 -46664.6 672.166
4724.19 -4360.15 491.549 4673.04 -4322.33 491.777
3492.84 -3465.54 484.966 3274.41 -3341.38 484.606
10636.7 -8402.68 519.805 10476.3 -8284.24 518.485
27078 -27756.5 593.421 27077.8 -27740.6 593.969
19417.7 -16767.5 557.902 19303.9 -16607.1 557.382
63253.4 -69253.8 825.105 63156 -69097.2 824.304
1803.67 -2852.62 481.881 1652.45 -2812.58 481.7
57844.1 -64414.3 766.356 57804.5 -64388.4 765.641
33866.5 -34295.6 611.75 33713 -34167.7 611.569
-30754.5 46824.5 365.476 -30861.4 46991.2 365.668
26599.4 -26888.9 593.165 26484.5 -26727.2 592.641
1256.96 -2690.74 481.287 1111.71 -2635.87 481.033
-26417 40062.3 372.743 -26524.6 40230 372.203
57008 -63848.2 759.333 57003.5 -63844.1 759.439
-34197.5 52193.3 357.048 -34304.7 52361 356.929
-27168.5 41234.6 370.536 -27268.3 41390.2 370.523
64894.6 -70521.4 837.151 64839.3 -70481 836.364
-14817.3 22324.2 454.779 -14925.1 22484.9 455.811
33559.5 -34039.9 611.199 33406.3 -33911.6 610.943
52583 -55402.1 705.107 52498.3 -55310.9 708.355
321.931 -2243.22 479.537 156.561 -2138.45 478.989
63113.4 -68874.8 821.31 63029.4 -68770.7 821.976
22089.5 -20549.9 572.637 21970 -20393.3 571.952
-17608.1 26473.4 478.02 -17710.6 26625.9 478.279
-6852.08 3042.14 461.001 -7007.24 3156.84 460.655
-11983.4 8530.76 452.696 -11988.8 8606.07 451.34
-9955.17 5336.2 453.984 -10041.8 5400.3 453.818
-30540.7 46491.1 365.167 -30647.5 46657.9 365.454
-10300.9 5591.79 453.576 -10442.1 5695.92 453.155
-12086.8 13719.2 435.371 -12085.9 13885.1 435.076
-11676.2 6778.67 449.753 -11767.3 6956.22 449.256
-11851.6 7189.93 448.426 -11886.5 7338.21 447.904
-24910.5 37713.5 385.546 -25018.1 37881.3 384.032
52662.9 -55497.6 704.054 52583 -55402.1 705.107
-12030.7 9194.9 443.138 -12041.6 9346.5 442.971
49687.4 -51411.6 689.013 49564.8 -51267.1 687.575
-12052.4 9498.1 442.881 -12064.1 9662.65 442.557
-34090.1 52025.8 357.012 -34197.5 52193.3 357.048
27283.1 -28301.6 592.709 27208.2 -28120 593.346
67126 -72151.4 854.037 67015.2 -72070.4 853.146
-12090.8 13281.6 436.39 -12089.8 13387.4 436.192
15588.7 -12300.2 554.379 15434.6 -12181.5 553.61
-5849.68 2372.02 467.502 -5956.92 2424.56 464.466
15883.5 -12527.3 553.218 15742.8 -12418.9 554.088
-31716.8 48324.9 363.486 -31823.6 48491.7 363.089
-24480.1 37042.4 391.009 -24587.9 37210.1 389.855
54444.2 -60809.5 727.954 54442.4 -60647 727.093
45733.1 -46104.1 668.961 45605.7 -45963.7 668.254
37101.6 -37024 628.274 36956.2 -36901.6 627.983
-12084.5 14150.8 434.573 -12083.2 14373.5 434.175
58099 -64563.2 768.623 58090.3 -64553.5 768.646
-12104.4 10244 441.048 -12112 10438 440.738
-13086.5 19787.5 437.442 -13134.6 19953.5 439.278
60608.3 -66104.5 790.963 60597.5 -66010.9 789.714
8072.21 -6506.14 503.617 7911.97 -6387.55 502.438
-30326.8 46157.6 364.647 -30433.7 46324.4 364.616
49375.3 -51009.4 685.165 49336.9 -50964.9 685.003
1501.7 -2770.84 481.578 1352.38 -2724.23 481.424
-13541.2 20419.4 441.726 -13641.6 20573 442.316
-13688.8 20644.8 442.684 -13845.6 20878.2 443.901
26812 -27223.5 593.905 26710.2 -27053.4 593.58
-18140.7 27414.7 477.035 -18131 27569.1 476.837
-13043 19683.7 437.303 -13106 19775.7 437.919
42305.5 -42199.4 649.443 42271.1 -42149.2 651.233
-37337.8 57089.5 352.557 -37437.6 57244.7 352.342
54603 -62078.8 732.56 54559.9 -61971.9 729.544
37787.2 -37618 625.586 37642.9 -37486.9 625.031
54491.3 -61092.5 721.959 54492.2 -61011.2 722.641
3274.41 -3341.38 484.606 3103.48 -3258.19 484.138
-10389.9 5753.93 453.094 -10441.8 5922.97 452.582
-18064.7 27153.1 478.432 -18127.1 27245.8 477.57
-18578.8 27917.9 467.983 -18716.9 28123.6 465.398
54780.6 -62692 738.089 54771.2 -62673.4 737.668
54771.2 -62673.4 737.668 54731.1 -62595.8 736.225
48073.9 -48980.8 677.578 48014.8 -48878.4 677.348
-11682.1 7012.86 448.964 -11769.6 7095.16 448.625
27441.9 -28660.9 591.426 27358.2 -28483.2 591.928
6592.34 -5415.95 496.161 6493.85 -5349.34 495.646
54637.5 -62157.9 734.485 54607 -62077.3 732.747
-5564.65 2117.29 464.133 -5662.81 2220.25 465.375
42823.9 -42905.4 650.714 42709.2 -42773.6 650.236
21010.6 -19012.6 565.845 20896.8 -18852.2 564.946
16533 -13045.1 550.105 16384.6 -12916.1 550.282
54446.5 -59687.8 718.604 54440 -59641.6 717.56
49059 -50622.6 684.116 48952.9 -50466.4 683.784
42238.1 -42101.7 652.689 42169 -42002.5 654.722
-17813 26778.5 478.589 -17915.6 26930.9 479.214
-20162.1 30310.2 461.731 -20233 30420.3 459.976
54428.3 -59572.7 716.318 54425.6 -59558.2 716.103
31362.9 -32198.8 601.3 31212.1 -32073 600.801
54275 -58967.2 717.094 54221.8 -58774.2 719.022
4597.52 -4249.78 492.105 4583.46 -4235.87 492.107
45861.1 -46243.9 669.684 45733.1 -46104.1 668.961
-12098.9 12467.3 437.714 -12097 12658.3 437.522
42428.1 -42392.1 648.189 42368.4 -42302.2 647.825
23912 -23101.6 581.306 23876 -23050.8 581.123
-12078 9856.39 442.496 -12091.8 10050.1 442.017
54134.8 -58378.1 717.632 54105.8 -58213.6 714.222
18735 -15805.3 555.092 18621.1 -15645 554.468
-18716.9 28123.6 465.398 -18823.3 28281.9 464.195
-22005.2 33183.7 427.87 -22112.8 33351.5 426.202
53513.6 -56727.5 707.182 53457.9 -56640.7 706.983
64010.1 -69848.1 826.735 63890.7 -69758.9 825.948
-33456 51036.6 358.329 -33514.7 51128 358.362
7110.69 -5794.75 498.744 6674.05 -5474.34 496.805
-36023.9 55040.5 354.229 -36055.8 55090.6 354.265
19759 -17248.6 559.708 19645.2 -17088.3 559.179
44718.3 -45037.9 660.833 44618.5 -44937.1 660.335
40453.1 -39854 644.744 40379 -39788.5 643.854
41190.6 -40654.9 638.953 41071.1 -40503.2 638.612
53359.5 -56487.1 704.712 53300.4 -56397 703.053
50042.4 -51822.1 687.481 49936.3 -51658.6 686.418
11587.2 -9105.8 526.472 11429.2 -8988.75 525.366
61460.6 -66767.8 801.445 61413.2 -66731.7 801.023
-12059.2 17307.7 431.732 -12074.1 17502.7 431.668
60741 -66296.1 794.435 60726.6 -66285.4 794.329
63004.5 -68760.7 821.902 62951.9 -68642 821.058
-9334.55 4877.39 455.128 -9489.67 4992.14 454.64
54702.8 -62499.5 734.185 54694.3 -62479.2 733.85
29100.3 -30310.7 594.844 28949.5 -30184.9 594.676
9354.41 -7454.44 511.13 9194.13 -7335.91 510.239
54457.8 -60145 726.216 54458.9 -60125.9 726.138
-6204.61 2563.52 462.914 -6285.82 2623.46 462.712
-18127.1 27245.8 477.57 -18224 27390.1 475.983
-22328 33687 422.776 -22435.7 33854.8 421.639
70665.4 -74737.2 895.446 70559.6 -74659.9 894.367
14495.3 -11441.4 543.526 14353.1 -11305.6 541.532
53534.7 -56764.9 707.386 53511.3 -56729 707.23
-13641.6 20573 442.316 -13688.8 20644.8 442.684
16810.5 -13323.6 549.92 16674.4 -13181.6 550.082
-26470.4 40459.8 371.792 -26605.8 40489 371.496
-25018.1 37881.3 384.032 -25125.7 38049 383.155
23876 -23050.8 581.123 23766.2 -22896.3 580.587
22224.9 -20695.2 573.625 22216.4 -20682.3 573.557
61145.4 -66578.4 799.238 60992.1 -66478 797.471
60782.2 -66340.6 794.925 60732.2 -66307.7 794.57
-13264.7 20285.4 441.202 -13405.1 20337 441.693
6426.16 -5306.45 495.415 6257.74 -5207.3 495.125
-11926.9 7738.43 447.659 -11940.1 7917.08 446.773
54465.6 -60666 726.653 54464.1 -60647 726.576
61451.8 -66779.3 801.466 61298.6 -66678.8 800.57
-12111.4 11321.8 439.318 -12109.2 11512.7 439.061
48428.2 -49530 679.467 48365.3 -49437.4 678.43
-33427.6 50992.3 358.495 -33456 51036.6 358.329
-32251.3 49158.6 361.86 -32358.3 49325.2 361.461
61566 -66854.1 802.221 61518.8 -66823.3 802.002
45092.9 -45405.6 663.516 44967.6 -45282.3 662.488
32572.1 -33211.1 607.046 32451.8 -33120.4 606.642
41596.2 -41230.2 641.074 41415.4 -40969.1 639.701
40817.4 -40212 638.441 40683.3 -40072.9 642.25
14918.7 -11784 549.067 14643.7 -11570.2 545.553
58023.5 -64433.1 767.06 57922.7 -64440.4 766.594
-26856.1 40747.1 371.2 -26969 40923.4 370.899
-36562.4 55880.3 353.523 -36652.1 56018.7 353.455
52228 -55166.6 702.315 52084.4 -55036.4 701.561
-9489.67 4992.14 454.64 -9644.82 5106.85 454.504
16074.4 -12674.3 552.052 15961.9 -12587.8 552.731
31798.1 -32545.3 603.319 31656.9 -32425.7 602.344
-16652.3 25055.5 471.896 -16993.3 25558.4 473.85
48952.9 -50466.4 683.784 48901.8 -50387.7 683.573
-26795.1 40652.1 371.367 -26856.1 40747.1 371.2
-27567.8 41856.8 369.656 -27667.3 42012.6 369.689
57501 -64191.5 763.213 57435.8 -64150.6 762.706
22210.2 -20705.6 573.421 22089.5 -20549.9 572.637
53402.3 -56553.9 706.065 53359.5 -56487.1 704.712
41071.1 -40503.2 638.612 40946.7 -40355.5 638.21
24877.6 -24462.6 584.996 24762.8 -24300.8 584.595
62899.4 -68523.2 820.344 62816.8 -68337.1 819.066
-8558.82 4303.82 456.995 -8713.92 4418.59 456.765
23959.4 -23168.5 581.47 23912 -23101.6 581.306
-26969 40923.4 370.899 -27068.8 41079 370.975
54346.2 -59307 720.723 54314.6 -59141.2 718.399
54448.4 -61134.6 729.662 54446.4 -60972.1 728.796
50117 -51968.9 688.633 50039 -51858.2 687.512
-37672.8 57605.3 351.995 -37772.7 57759.2 351.785
-26524.6 40230 372.203 -26553.1 40274.5 372.159
65574.7 -71017.5 843.788 65512.7 -70972.8 842.28
54992.2 -63043.8 743.838 54886.5 -62895.3 742.482
11745.3 -9222.64 527.536 11587.2 -9105.8 526.472
-11958.7 8792.46 447.211 -11822.5 8757.52 446.294
49564.8 -51267.1 687.575 49442.5 -51122.3 685.696
36810.8 -36779.1 624.735 36665.5 -36656.5 621.645
23890.4 -23040.1 581.189 23880.4 -23023.6 581.002
-11971 8606.22 451.022 -11958.7 8792.46 447.211
45348.5 -45685.3 666.234 45222.4 -45543.7 664.391
48014.8 -48878.4 677.348 47991.1 -48837.6 677.1
53457.9 -56640.7 706.983 53402.3 -56553.9 706.065
6493.85 -5349.34 495.646 6426.16 -5306.45 495.415
52964.5 -55974.3 707.089 52878.6 -55839.4 705.499
42404.3 -42325.9 647.608 42311.5 -42194.4 649.318
44819.6 -45137.4 661.281 44718.3 -45037.9 660.833
15126.4 -11944.1 551.1 15015.9 -11858.9 550.114
-11818 8782.56 446.378 -11881.7 8921.15 445.166
-12016.8 8998.62 443.827 -12030.7 9194.9 443.138
-5577.81 2099.94 464.608 -5701.96 2191.8 464.258
53650.3 -56967.6 708.309 53597.1 -56890.5 708.13
53597.1 -56890.5 708.13 53515.7 -56775.8 707.845
53888.3 -57430 711.293 53819.5 -57268.1 709.708
-33498 51139.1 358.237 -33529.6 51299 358.04
-12007.2 13699.1 439.894 -12063.1 13886.1 434.866
24074.2 -23330.2 581.944 23959.4 -23168.5 581.47
54164.1 -58582.3 719.999 54136.9 -58485.2 719.657
4673.04 -4322.33 491.777 4589.47 -4260.51 492.289
40078.3 -39534 639.995 39927.6 -39407.2 638.155
54136.9 -58485.2 719.657 54112.8 -58389.3 718.274
-36741.4 56157.3 353.321 -36840.9 56312.6 353.105
44469.5 -44737 659.051 44363.2 -44583.4 659.215
63156 -69097.2 824.304 63079.2 -68929.4 823.106
21789 -20141.3 570.485 21678.3 -19985.1 569.817
23327.5 -22277.7 578.674 23217.7 -22123.2 578.214
9514.71 -7572.95 512.216 9354.41 -7454.44 511.13
-11008.1 6110.77 451.596 -11088.9 6170.58 451.467
48901.8 -50387.7 683.573 48859.4 -50320.6 683.462
22559.6 -21195.4 575.117 22449.8 -21040.8 574.619
54008.5 -57700.5 711.144 53963.9 -57559.6 712.583
6674.05 -5474.34 496.805 6592.34 -5415.95 496.161
56272.7 -63492.6 761.662 56127 -63437 759.103
69422.5 -73829.4 878.69 69270.8 -73718.7 877.351
1352.38 -2724.23 481.424 1256.96 -2690.74 481.287
51387.7 -53687.3 698.851 51313.1 -53597 696.019
27075.7 -27798.2 593.584 27061.3 -27763.3 593.63
-19343.1 29080.8 465.204 -19437.1 29246.8 465.399
52685.5 -55529.8 704.085 52661.5 -55498.6 703.983
51685.1 -54202 697.771 51599 -54057.3 697.345
56110.8 -63467.7 758.429 55940.6 -63416.9 751.891
51208.6 -53507.5 695.94 51159.3 -53438.4 695.634
47394.4 -47900.4 676.826 47265.5 -47750.9 676.952
9995.54 -7928.55 515.673 9835.21 -7810.09 515.08
-16544.4 24894.8 471.182 -16652.3 25055.5 471.896
-18418 27678.5 471.733 -18488.4 27783.1 470.211
-12062 16329.7 432.3 -12060.3 16525.3 432.23
43099.6 -43219.4 652.671 42996.9 -43102.6 651.949
51808.4 -54547.2 699.466 51776.6 -54452.3 699.119
27358.2 -28483.2 591.928 27283.1 -28301.6 592.709
66307 -71550.8 849.11 66267.4 -71521.6 849.075
48133.5 -49083 677.54 48073.9 -48980.8 677.578
966.362 -2575.78 480.716 800.985 -2501.15 480.304
5565.18 -4846.12 497.379 5384.32 -4772.04 496.582
52171.6 -55057.9 706.609 52112.3 -54999.7 704.03
-10867 6006.52 451.774 -11008.1 6110.77 451.596
62816.8 -68337.1 819.066 62736.2 -68155.8 817.961
22218.4 -20681.1 573.504 22146.9 -20572 574.994
47265.5 -47750.9 676.952 47132.9 -47605 676.966
34325.4 -34681.2 612.606 34172.5 -34552.5 612.314
47024.9 -47490.2 676.773 46886.7 -47360.6 676.448
51964.2 -54884.3 700.873 51912 -54798.2 700.512
-12112 10438 440.738 -12114.2 10632.3 440.829
70029.4 -74272.5 885.272 69877.7 -74161.7 882.652
36481.2 -36501.4 620.865 36309.7 -36356.9 620.232
32447.6 -33088.4 606.421 32340.8 -32999.3 606.102
-16993.3 25558.4 473.85 -17095.8 25710.9 474.716
6434.24 -5294.61 495.556 6395.82 -5267.02 495.428
-36356.9 55560.1 353.734 -36459.7 55720.1 353.334
40382.9 -39762.9 643.777 40288 -39672.2 637.964
29552.8 -30688.4 595.915 29401.9 -30562.5 595.233
-13405.1 20337 441.693 -13520.9 20430.9 441.262
-19847.2 29868.6 466.324 -19956 30013 465.806
-10136 5469.86 453.721 -10218.4 5530.84 453.721
21809.1 -20169.4 570.673 21789 -20141.3 570.485
32023.6 -32795.1 610.28 31889.8 -32675.8 608.819
-3506.02 561.827 469.997 -3665.07 677.98 469.242
-12083.2 14373.5 434.175 -12082.1 14569.1 433.918
-16112.6 24252.1 467.495 -16220.5 24412.8 468.417
39646.2 -39170.2 634.393 39567.6 -39103.9 633.387
65550.2 -70977.4 843.222 65521.2 -70960.2 842.457
-11881.7 8921.15 445.166 -11972.4 9047.1 443.586
-181.183 -1898 477.896 -338.602 -1779.64 477.472
51912 -54798.2 700.512 51853.9 -54675.3 700.099
36665.5 -36656.5 621.645 36573.3 -36579.1 621.161
-30861.4 46991.2 365.668 -30968.4 47157.9 365.461
54449.8 -59716.1 719.296 54446.5 -59687.8 718.604
-13845.6 20878.2 443.901 -13953.6 21038.9 445.209
-13134.6 19953.5 439.278 -13120.6 20126.2 439.833
32642.5 -33267.9 607.343 32572.1 -33211.1 607.046
44967.6 -45282.3 662.488 44921 -45236.7 662.109
52766.2 -55667.4 704.003 52718.8 -55604.3 703.667
1652.45 -2812.58 481.7 1501.7 -2770.84 481.578
20100.4 -17729.6 561.393 19986.6 -17569.3 560.749
-4769.81 1502.71 466.671 -4928.25 1619.7 466.337
4589.47 -4260.51 492.289 4443.78 -4152.68 493.298
54461.6 -60126.1 726.099 54465.7 -59989.3 725.266
69.6654 -2079.89 478.756 -181.183 -1898 477.896
39777 -39280.2 636.201 39724.8 -39236.3 635.512
39724.8 -39236.3 635.512 39646.2 -39170.2 634.393
63514.7 -69512.4 824.275 63373.8 -69393.4 824.813
-18558.6 27887.8 468.459 -18578.8 27917.9 467.983
60389.7 -66083.3 793.008 60241.4 -65986.2 792.351
-27767 42168.2 369.201 -27866.9 42323.7 369.226
53452.2 -56603.3 706.671 53367.9 -56481.3 704.502
-10041.8 5400.3 453.818 -10136 5469.86 453.721
-11314 6343.42 450.829 -11446.1 6470.43 450.551
45222.4 -45543.7 664.391 45095.1 -45403.4 663.472
-37437.6 57244.7 352.342 -37537.5 57399.8 352.207
27133.4 -27938.3 593.411 27123.3 -27914 593.44
51766.1 -54352.8 698.821 51759.5 -54326.6 698.889
-12183 18078.7 431.099 -12240.2 18265.8 431.32
44513.9 -44826.8 659.79 44392.8 -44692.7 659.114
39567.6 -39103.9 633.387 39433.9 -38991.3 633.428
-20233 30420.3 459.976 -20303.5 30530.5 457.852
54446.4 -60972.1 728.796 54444.2 -60809.5 727.954
28647.7 -29933.2 593.774 28496.9 -29807.3 592.897
42271.1 -42149.2 651.233 42238.1 -42101.7 652.689
638.281 -2420.86 480.054 478.472 -2334.96 479.809
22340.1 -20886.2 574.07 22279.8 -20801.1 573.745
40544.8 -39938.3 644.586 40453.1 -39854 644.744
-33555.8 51549.6 357.69 -33712.5 51598.5 357.583
51745.3 -54359.3 698.45 51685.1 -54202 697.771
35239.4 -35456.7 615.484 35086.7 -35327.8 614.998
-11563.9 6610.81 450.085 -11622.5 6693.07 449.753
56012.1 -63392.1 753.658 55971.7 -63389.1 752.055
42371.2 -42300.4 647.698 42305.5 -42199.4 649.443
12219.4 -9573.45 530.205 12061.3 -9456.54 529.723
12377.5 -9690.28 530.517 12219.4 -9573.45 530.205
-29257.6 44490.5 366.578 -29364.5 44657.2 366.618
66267.4 -71521.6 849.075 66182.5 -71459.4 850.149
43558.1 -43742.1 655.685 43428.1 -43593.7 654.789
37642.9 -37486.9 625.031 37496.8 -37357.6 624.335
3847.87 -3712.32 491.157 3746.81 -3637.86 488.655
69726 -74050.9 881.073 69574.2 -73940.1 879.806
42088.2 -41940.2 645.396 41980.8 -41785.3 644.497
40228.9 -39660.9 642.05 40078.3 -39534 639.995
43304.8 -43453.3 653.99 43202.2 -43336.3 653.297
44526.5 -44813.9 659.577 44467.1 -44738.8 658.815
56739 -63705.1 761.193 56679.9 -63674.5 761.403
47613.4 -48199.4 680.002 47507.8 -48047 678.28
65512.7 -70972.8 842.28 65356.1 -70858.7 840.691
15961.9 -12587.8 552.731 15883.5 -12527.3 553.218
56127 -63437 759.103 55970 -63396.3 752.134
42413.6 -42402.5 648.438 42303.3 -42249.7 647.58
-31396 47824.8 364.23 -31503 47991.5 364.279
56679.9 -63674.5 761.403 56548.3 -63613.9 761.744
62053.7 -67194.8 807.315 61896.9 -67073.2 804.88
51599 -54057.3 697.345 51501.8 -53919.6 697.481
-2235.94 -370.583 472.863 -2394.36 -253.562 472.368
57271.7 -64043.1 761.243 57151 -63964 760.205
54490.2 -61903.9 735.675 54465.4 -61731.2 734.666
-18181.4 27588.6 476.901 -18302.4 27617.3 474.504
-11622.5 6693.07 449.753 -11676.2 6778.67 449.753
25910.6 -25918.4 590.142 25795.8 -25756.6 589.497
51713.6 -54182.5 697.217 51644.4 -54047.6 700.241
3746.81 -3637.86 488.655 3644.84 -3564.68 486.293
54437.2 -60244.7 726.486 54436.2 -60144.5 726.683
-18224 27390.1 475.983 -18320.9 27534.3 473.85
34629.9 -34939.9 613.304 34477.6 -34810.6 612.956
18393.5 -15324.3 553.511 18279.8 -15163.9 553.188
55131.8 -63160.8 743.132 54992.2 -63043.8 743.838
15280.5 -12062.8 552.338 15126.4 -11944.1 551.1
-29150.6 44323.8 366.806 -29257.6 44490.5 366.578
-27866.9 42323.7 369.226 -27973.8 42490.4 368.567
-12091.4 13231 436.492 -12090.8 13281.6 436.39
27061.3 -27763.3 593.63 26985.7 -27579.9 593.587
-13953.6 21038.9 445.209 -14061.6 21199.5 446.55
57537.9 -64193.6 763.329 57510.6 -64178 762.941
51776.6 -54452.3 699.119 51745.3 -54359.3 698.45
-17710.6 26625.9 478.279 -17813 26778.5 478.589
-7007.24 3156.84 460.655 -7162.38 3271.56 460.163
40379 -39788.5 643.854 40228.9 -39660.9 642.05
27123.3 -27914 593.44 27075.7 -27798.2 593.584
50164.3 -52037.3 689.217 50117 -51968.9 688.633
58299.3 -64712.7 770.866 58224.4 -64663.7 769.744
39808.8 -39282.6 635.827 39789.9 -39267.5 635.716
67919.2 -72645.1 863.553 67857.5 -72508 862.117
28195.1 -29555.6 591.888 28044.9 -29429.1 591.664
54489.4 -60955 723.066 54479.1 -60810.5 724.237
-36055.8 55090.6 354.265 -36151.6 55239.8 353.936
48491.1 -49622.6 679.834 48428.2 -49530 679.467
44581.1 -44898.3 660.21 44513.9 -44826.8 659.79
18166 -15003.6 552.632 18052.3 -14843.2 552.283
5743.84 -4925.32 495.272 5565.18 -4846.12 497.379
-35916.4 54873.1 354.499 -36023.9 55040.5 354.229
1111.71 -2635.87 481.033 966.362 -2575.78 480.716
43428.1 -43593.7 654.789 43304.8 -43453.3 653.99
61731.9 -66963 803.125 61566 -66854.1 802.221
60241.4 -65986.2 792.351 60102.5 -65895.1 791.395
52669.2 -55543.9 703.415 52534.6 -55404.2 702.868
14211.5 -11169.3 539.883 14069.8 -11033 538.367
15734.5 -12383.1 553.656 15633.5 -12293.9 552.324
58753 -65010.4 775.996 58601.8 -64911.2 773.818
56281.1 -63518.5 761.737 56110.8 -63467.7 758.429
42939 -43036.7 651.531 42823.9 -42905.4 650.714
51159.3 -53438.4 695.634 51043.4 -53275.7 694.822
56413.3 -63561.3 762.248 56281.1 -63518.5 761.737
-12240.2 18265.8 431.32 -12307.8 18449.4 431.816
42597.5 -42639.4 649.488 42497.8 -42513.7 648.91
-36652.1 56018.7 353.455 -36741.4 56157.3 353.321
60102.5 -65895.1 791.395 59936.6 -65786.3 789.653
53950.8 -57617.1 714.687 53888.3 -57430 711.293
54133.9 -58384.2 717.825 54133.3 -58378.3 717.669
54221.8 -58774.2 719.022 54164.1 -58582.3 719.999
31655 -32428 602.288 31641.1 -32416.5 602.36
67236.8 -72232.4 855.259 67126 -72151.4 854.037
-12060.3 16525.3 432.23 -12058.5 16720.9 432.066
57435.8 -64150.6 762.706 57271.7 -64043.1 761.243
41664.9 -41329.3 641.652 41596.2 -41230.2 641.074
-28615.9 43490.3 367.561 -28722.9 43657 367.487
41415.4 -40969.1 639.701 41305 -40810.6 639.239
36826.2 -36744 621.737 36691.6 -36650.5 621.393
41766.1 -41475.5 642.489 41664.9 -41329.3 641.652
-6285.82 2623.46 462.712 -6541.76 2812.75 462.037
59812 -65704.6 788.247 59660.7 -65605.4 786.898
-5353.45 1934.17 465.283 -5429.13 1990.03 465.079
52718.8 -55604.3 703.667 52669.2 -55543.9 703.415
54033.6 -58002.8 716.939 53997.5 -57808.8 716.702
42996.9 -43102.6 651.949 42939 -43036.7 651.531
21854.7 -20233.7 571.087 21809.1 -20169.4 570.673
12851.7 -10041 532.253 12693.6 -9924.11 531.119
53069.3 -56138.2 709.344 52964.5 -55974.3 707.089
50054.7 -51848.9 687.548 50039.1 -51824 687.459
-33994.9 51876.9 357.294 -34090.1 52025.8 357.012
8232.53 -6624.62 504.628 8072.21 -6506.14 503.617
-30219.8 45991 364.505 -30326.8 46157.6 364.647
49322.3 -50975.8 685.254 49248.5 -50881.2 684.926
-33514.7 51128 358.362 -33602.4 51264.8 357.981
4152.4 -3937.06 492.879 4023.33 -3840.71 492.052
27148.4 -27830.4 599.174 27242 -27893.1 595.712
-11977.7 8453.17 453.418 -11983.4 8530.76 452.696
52541.4 -55334.8 707.53 52503.9 -55305.8 708.515
70559.6 -74659.9 894.367 70510.8 -74624.2 893.855
63578.7 -69559.8 824.341 63514.7 -69512.4 824.275
40023.2 -39442.9 633.31 39917.2 -39361.2 633.678
47991.1 -48837.6 677.1 47897.7 -48677.4 675.731
54731.1 -62595.8 736.225 54686.3 -62507 734.609
15151.9 -11939.6 550.817 15137.7 -11930 550.736
-35056.7 53533.3 355.739 -35164.3 53700.8 355.479
2017.98 -2911.65 482.447 1803.67 -2852.62 481.881
-23296.6 35196.9 408.259 -23404.1 35364.7 406.631
-20303.5 30530.5 457.852 -20391.1 30667.2 455.263
60566.7 -66076.6 790.601 60462.3 -66107.8 792.844
-2394.36 -253.562 472.368 -2552.7 -136.448 471.951
30759.6 -31695.3 599.437 30608.7 -31569.5 599.002
615.167 -2298.27 483.141 468.365 -2283.48 480.139
29401.9 -30562.5 595.233 29251.1 -30436.6 595.157
63264.1 -69080 818.959 63218.2 -68958.9 819.932
64839.3 -70481 836.364 64776.4 -70435 835.374
53819.5 -57268.1 709.708 53740.4 -57114.7 709.008
-32892.9 50158.8 359.968 -33000 50325.4 359.384
28044.9 -29429.1 591.664 27901.8 -29294.5 591.426
26369.6 -26565.5 592.014 26254.8 -26403.8 591.462
37405.2 -37256.3 623.913 37391.3 -37242.5 623.867
37393.6 -37240.4 623.79 37265.3 -37112.4 623.489
50463.5 -52462.6 690.896 50164.3 -52037.3 689.217
70510.8 -74624.2 893.855 70332.7 -74494.1 891.134
-19795.8 29801.1 466.217 -19847.2 29868.6 466.324
57922.5 -64442.3 766.812 57900.8 -64434.9 766.563
-6541.76 2812.75 462.037 -6696.97 2927.38 461.479
27901.8 -29294.5 591.426 27769.4 -29149.4 591.259
51501.8 -53919.6 697.481 51404.3 -53782.1 696.993
44618.5 -44937.1 660.335 44581.1 -44898.3 660.21
58224.4 -64663.7 769.744 58131.2 -64602.5 769.115
-19437.1 29246.8 465.399 -19530.7 29412.9 465.835
68209.2 -72942.7 866.505 68130.1 -72885.2 865.653
57893.2 -64446.5 766.824 57844.1 -64414.3 766.356
-37772.7 57759.2 351.785 -37849.3 57877.3 351.585
38365.4 -38141.8 629.377 38219.9 -38011.9 628.57
14353.1 -11305.6 541.532 14211.5 -11169.3 539.883
825.882 -2460.6 481.4 712.611 -2322.79 483.196
54659.3 -62346.9 732.769 54634.6 -62212.1 734.297
13009.7 -10157.9 533.519 12851.7 -10041 532.253
54862.2 -62809.5 739.941 54856.1 -62793.1 739.588
39433.9 -38991.3 633.428 39284.1 -38866.3 636.269
24762.8 -24300.8 584.595 24648 -24139.1 584.119
37246.9 -37146.6 625.723 37101.6 -37024 628.274
63997.2 -69865.9 827.489 63889.3 -69787.1 826.15
-2077.59 -487.699 473.199 -2235.94 -370.583 472.863
-1447.75 -960.904 474.451 -1605.24 -842.635 473.943
-12078.9 15156 433.26 -12076.9 15351.6 433.052
54559.9 -61971.9 729.544 54551.2 -61947.7 729.257
-36292.9 55654.5 359.908 -36424.2 55777.1 356.118
36309.7 -36356.9 620.232 36156.8 -36228.3 619.662
65356.1 -70858.7 840.691 65126.8 -70691.2 839.249
54886.5 -62895.3 742.482 54845.5 -62817.2 740.371
-9179.4 4762.69 455.534 -9334.55 4877.39 455.128
-33865.6 51675.1 356.915 -33973.1 51842.9 357.105
63585.1 -69551.8 824.232 63505.1 -69481.3 823.915
21231.1 -19338.1 568.03 21123.1 -19173.9 566.991
54492.2 -61011.2 722.641 54489.4 -60955 723.066
-22866.3 34525.7 416.601 -22973.8 34693.6 413.812
21970 -20393.3 571.952 21854.7 -20233.7 571.087
-36131.9 55251.7 353.768 -36191.2 55383.7 354.995
17080.6 -13609.4 549.933 16946.3 -13465.8 549.992
-13131.5 20223.4 440.195 -13264.7 20285.4 441.202
50039 -51858.2 687.512 49925.7 -51706.2 686.76
22998.3 -21813.9 577.212 22888.7 -21659.3 576.77
-5429.13 1990.03 465.079 -5577.81 2099.94 464.608
-26608.5 40397.5 371.892 -26566.1 40472.4 371.681
22888.7 -21659.3 576.77 22779 -21504.7 576.258
-12064.1 9662.65 442.557 -12078 9856.39 442.496
-11767.3 6956.22 449.256 -11813.6 7071.59 449.256
31629 -32429.6 602.251 31522.1 -32332.8 601.767
5204.96 -4694.57 494.844 5038.64 -4592.34 493.865
67434.4 -72283.4 861.424 67247.3 -72215.8 855.107
59936.6 -65786.3 789.653 59812 -65704.6 788.247
48846.4 -50251.3 682.973 48795.5 -50153.2 682.554
52084.4 -55036.4 701.561 51964.2 -54884.3 700.873
-5244.92 1853.97 465.672 -5353.45 1934.17 465.283
42195.7 -42095 646.335 42088.2 -41940.2 645.396
40391.4 -39775.2 644 40380.7 -39764.9 643.817
58131.2 -64602.5 769.115 58090.7 -64576 768.716
156.561 -2138.45 478.989 69.6654 -2079.89 478.756
-18823.3 28281.9 464.195 -18929.6 28440.2 464.292
54440 -59641.6 717.56 54428.3 -59572.7 716.318
-19741.7 29730.3 466.007 -19795.8 29801.1 466.217
57723.9 -64335.6 765.343 57582.3 -64242.6 763.867
19303.9 -16607.1 557.382 19190.1 -16446.8 556.803
57582.3 -64242.6 763.867 57501 -64191.5 763.213
-24265.1 36706.8 394.141 -24372.6 36874.6 392.796
54465.4 -61731.2 734.666 54464.1 -61719.3 734.496
28949.5 -30184.9 594.676 28798.6 -30059 594.391
-33973.1 51842.9 357.105 -33994.9 51876.9 357.294
-21359.7 32177 436.951 -21467.3 32344.8 434.895
37265.3 -37112.4 623.489 37164.7 -37022.6 623.014
54464.1 -61719.3 734.496 54450.4 -61297.1 730.653
-37637.5 57554.7 352.134 -37672.8 57605.3 351.995
67435.4 -72279.6 861.244 67309.7 -72232.8 856.112
27648.1 -28994.9 591.018 27538.8 -28831.7 591.177
16946.3 -13465.8 549.992 16810.5 -13323.6 549.92
-8713.92 4418.59 456.765 -8869.12 4533.24 456.443
54845.5 -62817.2 740.371 54780.6 -62692 738.089
15754.6 -12405.4 553.718 15732.4 -12385.5 553.746
52282.5 -55145.8 709.541 52209.7 -55090.1 708.168
-37834.9 57885.2 351.403 -37904.2 58009.5 351.439
54440.5 -60510 726.595 54438.4 -60332.4 726.144
60732.2 -66307.7 794.57 60586.7 -66212.4 793.72
17596.9 -14201.9 550.498 17476.8 -14046.3 550.021
-6074.51 2467.22 463.373 -6204.61 2563.52 462.914
52385.4 -55280.2 702.01 52228 -55166.6 702.315
45988.5 -46384.2 670.425 45861.1 -46243.9 669.684
54442.4 -60647 727.093 54440.5 -60510 726.595
21878.3 -20233.8 571.305 21869.4 -20223.3 571.215
53997.5 -57808.8 716.702 53950.8 -57617.1 714.687
22279.8 -20801.1 573.745 22210.2 -20705.6 573.421
54314.6 -59141.2 718.399 54275 -58967.2 717.094
-23834.6 36035.7 399.961 -23942.2 36203.5 398.684
55912.4 -63382.6 749.818 55807.6 -63352.1 748.709
10796.9 -8521.27 521.161 10636.7 -8402.68 519.805
-25879 39223.4 374.602 -25986.7 39391.1 374.471
55970 -63396.3 752.134 55912.4 -63382.6 749.818
-26553.1 40274.5 372.159 -26625.7 40387.6 372.009
62333.7 -67475.4 811.885 62199.6 -67329.2 809.609
23108.1 -21968.5 577.732 22998.3 -21813.9 577.212
54436.2 -60144.5 726.683 54432.8 -59975.8 726.044
-3346.12 446.838 470.233 -3506.02 561.827 469.997
66276.7 -71509.6 848.605 66130.9 -71386.5 848.098
51853.9 -54675.3 700.099 51808.4 -54547.2 699.466
27152.6 -27934.5 593.277 27149.4 -27930.8 593.28
63505.1 -69481.3 823.915 63406.4 -69387.4 824.188
-15359.3 23126 460.006 -15469.2 23285.3 461.006
31889.8 -32675.8 608.819 31759.5 -32552.6 605.113
58090.7 -64576 768.716 57992 -64511.2 767.505
70691.1 -74756.2 895.624 70665.4 -74737.2 895.446
63733.9 -69673.6 825.16 63578.7 -69559.8 824.341
5038.64 -4592.34 493.865 4881.43 -4476.22 492.699
46116 -46524.4 671.062 45988.5 -46384.2 670.425
60441.1 -66117.1 793.127 60389.7 -66083.3 793.008
60838.8 -66377.6 795.351 60782.2 -66340.6 794.925
-12056.7 16916.5 431.959 -12055.2 17112.1 431.824
17824.7 -14522.5 551.182 17710.9 -14362.1 550.868
27769.4 -29149.4 591.259 27648.1 -28994.9 591.018
61518.8 -66823.3 802.002 61451.8 -66779.3 801.466
20327.9 -18050.4 562.833 20214.1 -17890.1 562.085
66097.6 -71397.3 851.58 65967.1 -71302 853.087
51762 -54326.1 698.933 51713.6 -54182.5 697.217
11903.3 -9339.56 528.578 11745.3 -9222.64 527.536
30156.2 -31191.9 597.67 30005.3 -31066 597.244
-12894.4 19462.7 435.871 -12952.6 19549.1 436.449
3644.84 -3564.68 486.293 3492.84 -3465.54 484.966
64709.1 -70356.6 833.693 64560.5 -70242.1 831.914
68019.8 -72804.6 864.452 67863.2 -72690.1 863.004
53515.7 -56775.8 707.845 53403 -56617.1 708.136
-34734.3 53031 356.578 -34841.8 53198.4 356.43
54112.8 -58389.3 718.274 54070.3 -58196.6 716.174
15015.9 -11858.9 550.114 14918.7 -11784 549.067
15386.8 -12086.7 546.013 15270 -12012.2 549.462
-21036.9 31673.7 443.097 -21144.4 31841.5 440.79
65126.8 -70691.2 839.249 65010.7 -70606.3 838.414
56821.9 -63527.6 755.519 56685.5 -63521.6 754.344
32465.6 -33103.5 606.517 32447.6 -33088.4 606.421
-37138.8 56778.9 352.806 -37238.4 56934.2 352.716
57030.6 -63884.5 759.772 56996.7 -63862.7 759.793
31212.1 -32073 600.801 31061.3 -31947.1 600.358
60727.6 -66284.3 794.343 60651.1 -66205.4 793.101
36156.8 -36228.3 619.662 36003.8 -36099.8 619.031
47132.9 -47605 676.966 47023 -47492.4 676.808
27081 -27740.7 593.494 27174.1 -27723 596.125
22037.5 -20428.1 577.931 21961.8 -20327.7 575.371
21450.7 -19664.3 569.525 21339 -19502.5 569.005
15742.8 -12418.9 554.088 15588.7 -12300.2 554.379
36690.3 -36652.6 621.457 36676.9 -36643 621.467
54567.8 -62212.1 733.512 54523.6 -62059.3 735.079
63614.9 -69558 824.057 63507.8 -69478.5 823.851
-33213.9 50658.8 359.205 -33320.7 50825.6 358.919
53075.3 -56071.5 705.258 52986.1 -55959.9 706.351
64296.6 -70038.1 828.619 64186.2 -69967.1 828.019
56830.2 -63561.2 758.174 56753.3 -63687.3 761.572
55256.9 -63224.7 742.151 55131.8 -63160.8 743.132
48363.4 -49438.6 678.626 48351.5 -49419.7 678.264
22779 -21504.7 576.258 22669.2 -21350.1 575.698
49495.2 -51132.1 685.771 49377.8 -51007.2 685.124
53300.4 -56397 703.053 53242.7 -56313.1 702.101
37453.8 -37321 624.125 37392.3 -37269 623.906
478.472 -2334.96 479.809 321.931 -2243.22 479.537
52003.7 -54899.9 700.087 51982.6 -54872.7 699.826
51236.7 -53508.2 695.452 51226.6 -53496.3 695.504
64880.6 -70482.8 836.784 64790.8 -70417.2 835.161
56996.7 -63862.7 759.793 56869.8 -63780.7 760.283
63406.4 -69387.4 824.188 63310.9 -69290.1 824.109
48859.4 -50320.6 683.462 48770 -50173.1 683.389
-31182.1 47491.4 364.778 -31289.2 47658 364.796
64776.4 -70435 835.374 64620.6 -70321.1 833.216
67857.5 -72508 862.117 67750.6 -72384.3 861.771
-7317.56 3386.23 459.723 -7472.73 3500.91 459.565
47529.4 -48021.3 675.69 47436.5 -47917.3 676.995
29703.6 -30814.3 596.487 29552.8 -30688.4 595.915
39131.4 -38745.1 639.073 38976.3 -38626.8 638.945
56289.9 -63502.2 762.064 56271.7 -63495.2 761.652
47434 -47919.6 677.147 47409.2 -47890 677.064
-21574.9 32512.6 433.425 -21682.5 32680.4 431.638
43592.9 -43753.8 655.834 43571.1 -43730.5 655.692
28346 -29681.4 592.175 28195.1 -29555.6 591.888
43969.9 -44095.1 657.606 43844 -43981.5 656.666
65875.4 -71193.6 846.38 65738.5 -71103.8 845.673
11271.1 -8871.97 524.365 11113 -8755.04 523.303
20441.8 -18210.7 563.582 20327.9 -18050.4 562.833
-20391.1 30667.2 455.263 -20498.8 30834.9 452.995
-12108.2 11214.9 439.646 -12111.4 11321.8 439.318
26985.7 -27579.9 593.587 26903.9 -27399.3 593.938
-969.038 -1307.23 475.42 -1128.7 -1191.92 475.054
-12952.6 19549.1 436.449 -13043 19683.7 437.303
70804.4 -74763.1 897.142 70674.1 -74726.9 895.281
22669.2 -21350.1 575.698 22559.6 -21195.4 575.117
-12104.8 11894.6 438.541 -12102.7 12085.5 438.161
68032.7 -72789.6 864.662 67919.2 -72645.1 863.553
60461.8 -66109.9 792.941 60450 -66106.2 792.975
52169.4 -55060.8 706.69 52082.6 -54984.6 702.978
60592.7 -65968.1 789.021 60566.7 -66076.6 790.601
60127.8 -65891.3 791.089 60110.7 -65883.4 791.189
58050.2 -64338.1 766.124 58023.5 -64433.1 767.06
70332.7 -74494.1 891.134 70181 -74383.3 888.239
56684.9 -63594.9 754.711 56830.2 -63561.2 758.174
48422.5 -49577.1 682.832 48335.6 -49428.2 678.479
38075.7 -37880.5 627.369 37931.5 -37749.3 626.236
55480 -63233.8 744.462 55308.9 -63218.6 740.396
54686.3 -62507 734.609 54621.9 -62361.6 732.889
54511.3 -61914.8 735.232 54508.1 -61900.6 735.237
56752.6 -63690.3 761.686 56747.4 -63689.1 761.675
55308.5 -63220.4 740.503 55264.2 -63207.7 740.952
63027.1 -68772.2 822.036 63017.4 -68753.9 821.896
37392.3 -37269 623.906 37246.9 -37146.6 625.723
68130.1 -72885.2 865.653 68019.8 -72804.6 864.452
-18111.8 27257.5 477.661 -18140.7 27414.7 477.035
-15578.5 23445.1 461.99 -15684.4 23607.1 462.946
31759.5 -32552.6 605.113 31629 -32429.6 602.251
49176.1 -50785.5 684.585 49059 -50622.6 684.116
-26625.7 40387.6 372.009 -26680 40472.3 371.826
-18488.4 27783.1 470.211 -18558.6 27887.8 468.459
975.55 -2556.96 480.161 825.882 -2460.6 481.4
-11988.8 8606.07 451.34 -12002.8 8802.34 449.031
-26734.2 40557 371.775 -26795.1 40652.1 371.367
-12066.2 13388.3 435.776 -12020.2 13558.5 438.628
57804.5 -64388.4 765.641 57723.9 -64335.6 765.343
-13106 19775.7 437.919 -13216.4 19935.5 439.025
52209.7 -55090.1 708.168 52169.4 -55060.8 706.69
-36424.2 55777.1 356.118 -36547.1 55892.9 353.444
-21790.1 32848.1 429.837 -21897.6 33015.9 428.834
52498.3 -55310.9 708.355 52456 -55272 709.483
67532.3 -72299.8 864.243 67434.4 -72283.4 861.424
23656.5 -22741.6 580.133 23546.8 -22587 579.621
54450.4 -61297.1 730.653 54448.4 -61134.6 729.662
64186.2 -69967.1 828.019 64007 -69852.4 826.839
64787.2 -70421.3 835.22 64709.1 -70356.6 833.693
54346.7 -59186.7 718.531 54335.8 -59137.5 717.907
65603.7 -71011 844.332 65550.2 -70977.4 843.222
54438.4 -60332.4 726.144 54437.2 -60244.7 726.486
-12089.8 13387.4 436.192 -12088.2 13553.3 435.798
21564.5 -19824.7 569.755 21450.7 -19664.3 569.525
25681 -25594.9 588.803 25566.2 -25433.2 588.169
-36191.2 55383.7 354.995 -36237 55521.2 358.375
46627.2 -47084.3 674.766 46498.5 -46945.2 674.041
21339 -19502.5 569.005 21231.1 -19338.1 568.03
21123.1 -19173.9 566.991 21010.6 -19012.6 565.845
-11952.4 8095.79 448.487 -11965.2 8274.47 452.558
20896.8 -18852.2 564.946 20783.1 -18691.8 564.776
16384.6 -12916.1 550.282 16230.2 -12794.4 551.071
20783.1 -18691.8 564.776 20669.3 -18531.5 564.697
20669.3 -18531.5 564.697 20555.5 -18371.1 564.4
-21144.4 31841.5 440.79 -21252 32009.3 438.787
41806.8 -41498.6 642.822 41781.3 -41466 642.588
20555.5 -18371.1 564.4 20441.8 -18210.7 563.582
20214.1 -17890.1 562.085 20100.4 -17729.6 561.393
-12085.9 13885.1 435.076 -12085.2 14017.9 434.823
15633.5 -12293.9 552.324 15532.4 -12204.9 549.008
37496.8 -37357.6 624.335 37453.8 -37321 624.125
19986.6 -17569.3 560.749 19872.7 -17409 560.192
2567.02 -3066.18 483.13 2383.87 -3015.15 483.974
-24157.5 36539 395.626 -24265.1 36706.8 394.141
-13434.8 20256.8 441.01 -13541.2 20419.4 441.726
19645.2 -17088.3 559.179 19531.4 -16927.9 558.425
2383.87 -3015.15 483.974 2200.68 -2964.25 483.465
19531.4 -16927.9 558.425 19417.7 -16767.5 557.902
40946.7 -40355.5 638.21 40817.4 -40212 638.441
19190.1 -16446.8 556.803 19076.3 -16286.4 556.309
19076.3 -16286.4 556.309 18962.5 -16126.1 555.814
18962.5 -16126.1 555.814 18848.8 -15965.7 555.437
18848.8 -15965.7 555.437 18735 -15805.3 555.092
18621.1 -15645 554.468 18507.3 -15484.7 553.919
-33602.4 51264.8 357.981 -33690.2 51401.6 357.642
18279.8 -15163.9 553.188 18166 -15003.6 552.632
52878.6 -55839.4 705.499 52823.4 -55752.7 704.498
52456 -55272 709.483 52435.1 -55255.8 709.814
17938.5 -14682.8 551.679 17824.7 -14522.5 551.182
17710.9 -14362.1 550.868 17596.9 -14201.9 550.498
40683.3 -40072.9 642.25 40544.8 -39938.3 644.586
17476.8 -14046.3 550.021 17348.2 -13897.5 549.868
2749.16 -3120.68 483.228 2567.02 -3066.18 483.13
17348.2 -13897.5 549.868 17214.6 -13753.3 549.837
-12085.2 14017.9 434.823 -12084.5 14150.8 434.573
42497.8 -42513.7 648.91 42413.6 -42402.5 648.438
16674.4 -13181.6 550.082 16533 -13045.1 550.105
62454.7 -67632.6 813.926 62333.7 -67475.4 811.885
12535.5 -9807.22 530.823 12377.5 -9690.28 530.517
23217.7 -22123.2 578.214 23108.1 -21968.5 577.732
16230.2 -12794.4 551.071 16074.4 -12674.3 552.052
15434.6 -12181.5 553.61 15280.5 -12062.8 552.338
32233.9 -32910.1 605.692 32127.1 -32820.9 605.05
68360.9 -73053.5 867.766 68209.2 -72942.7 866.505
14069.8 -11033 538.367 13927.7 -10897.2 537.429
65552.7 -70973.4 843.211 65410.3 -70869.3 840.329
13782.7 -10764.4 536.637 13633.9 -10635.9 536.08
13633.9 -10635.9 536.08 13481.5 -10511.7 535.427
28496.9 -29807.3 592.897 28346 -29681.4 592.175
56235.7 -63468.4 760.352 56128.7 -63433 759.233
13481.5 -10511.7 535.427 13325.8 -10391.8 534.752
13325.8 -10391.8 534.752 13167.8 -10274.8 534.16
13167.8 -10274.8 534.16 13009.7 -10157.9 533.519
-19956 30013 465.806 -20060.9 30160.4 464.369
12693.6 -9924.11 531.119 12535.5 -9807.22 530.823
11429.2 -8988.75 525.366 11271.1 -8871.97 524.365
49613.1 -51256.7 686.107 49495.2 -51132.1 685.771
12061.3 -9456.54 529.723 11903.3 -9339.56 528.578
11113 -8755.04 523.303 10955 -8638.15 522.367
-32679.2 49825.3 360.46 -32786.1 49992 359.947
44921 -45236.7 662.109 44819.6 -45137.4 661.281
63889.3 -69787.1 826.15 63733.9 -69673.6 825.16
10955 -8638.15 522.367 10796.9 -8521.27 521.161
57004.7 -63842.9 759.154 56920.7 -63677.4 757.734
40288 -39672.2 637.964 40192.9 -39581.7 634.807
46498.5 -46945.2 674.041 46371 -46804.9 673.283
6257.74 -5207.3 495.125 6087.97 -5110.47 494.508
66436.8 -71647.7 849.107 66307 -71550.8 849.11
6087.97 -5110.47 494.508 5917.82 -5014.31 493.845
5917.82 -5014.31 493.845 5743.84 -4925.32 495.272
25221.9 -24947.9 586.198 25107.1 -24786.1 585.786
5384.32 -4772.04 496.582 5204.96 -4694.57 494.844
4881.43 -4476.22 492.699 4724.19 -4360.15 491.549
54398.8 -59412.1 717.773 54371.8 -59299.6 719.268
21678.3 -19985.1 569.817 21564.5 -19824.7 569.755
-11446.1 6470.43 450.551 -11563.9 6610.81 450.085
36003.8 -36099.8 619.031 35850.9 -35971.1 618.617
36573.3 -36579.1 621.161 36481.2 -36501.4 620.865
2200.68 -2964.25 483.465 2017.98 -2911.65 482.447
38514.1 -38268 629.882 38365.4 -38141.8 629.377
35850.9 -35971.1 618.617 35698 -35842.6 617.898
53403 -56617.1 708.136 53290.2 -56458.6 709.664
32451.8 -33120.4 606.642 32307.3 -33014.2 607.127
35698 -35842.6 617.898 35545.1 -35714 617.042
-10285.3 5612.5 453.183 -10389.9 5753.93 453.094
53290.2 -56458.6 709.664 53178 -56299.6 710.305
35545.1 -35714 617.042 35392.2 -35585.4 616.23
35086.7 -35327.8 614.998 34934.4 -35198.6 614.442
-28401.8 43157.1 367.874 -28508.6 43323.9 367.671
48235.4 -49257.1 677.535 48133.5 -49083 677.54
34934.4 -35198.6 614.442 34782.1 -35069.2 613.81
-35271.7 53868.2 355.403 -35379.1 54035.7 355.222
14643.7 -11570.2 545.553 14495.3 -11441.4 543.526
34782.1 -35069.2 613.81 34629.9 -34939.9 613.304
39927.6 -39407.2 638.155 39777 -39280.2 636.201
34477.6 -34810.6 612.956 34325.4 -34681.2 612.606
30005.3 -31066 597.244 29854.4 -30940.2 596.821
-36151.6 55239.8 353.936 -36254.3 55399.9 353.773
34172.5 -34552.5 612.314 34019.5 -34424 611.971
30608.7 -31569.5 599.002 30457.9 -31443.6 598.57
-33690.2 51401.6 357.642 -33777.9 51538.3 357.43
30457.9 -31443.6 598.57 30307 -31317.8 598.111
67015.2 -72070.4 853.146 66800.8 -71913.7 851.816
33713 -34167.7 611.569 33559.5 -34039.9 611.199
33406.3 -33911.6 610.943 33253.6 -33782.8 610.342
-15469.2 23285.3 461.006 -15578.5 23445.1 461.99
33253.6 -33782.8 610.342 33100.9 -33653.9 609.758
-15684.4 23607.1 462.946 -15790.3 23769.1 464.113
33100.9 -33653.9 609.758 32948.1 -33525.2 608.921
-10725.5 5902.8 452.034 -10867 6006.52 451.774
32795.4 -33396.4 608.086 32642.5 -33267.9 607.343
42303.3 -42249.7 647.58 42195.7 -42095 646.335
32307.3 -33014.2 607.127 32163.2 -32907.6 609.521
53963.9 -57559.6 712.583 53911.4 -57421.4 711.783
32163.2 -32907.6 609.521 32023.6 -32795.1 610.28
31061.3 -31947.1 600.358 30910.4 -31821.2 599.893
30910.4 -31821.2 599.893 30759.6 -31695.3 599.437
18507.3 -15484.7 553.919 18393.5 -15324.3 553.511
30307 -31317.8 598.111 30156.2 -31191.9 597.67
66800.8 -71913.7 851.816 66679.4 -71825 850.905
34019.5 -34424 611.971 33866.5 -34295.6 611.75
29854.4 -30940.2 596.821 29703.6 -30814.3 596.487
29251.1 -30436.6 595.157 29100.3 -30310.7 594.844
48335.6 -49428.2 678.479 48235.4 -49257.1 677.535
23437.1 -22432.4 579.17 23327.5 -22277.7 578.674
-18017.9 27083.5 478.798 -18064.7 27153.1 478.432
54695.6 -62478.7 733.847 54659.3 -62346.9 732.769
36956.2 -36901.6 627.983 36810.8 -36779.1 624.735
28798.6 -30059 594.391 28647.7 -29933.2 593.774
-30968.4 47157.9 365.461 -31075.2 47324.7 365.028
26140 -26242 590.979 26025.4 -26080.2 590.533
27538.8 -28831.7 591.177 27441.9 -28660.9 591.426
-14601.3 22002.9 452.843 -14709.3 22163.5 453.798
27208.2 -28120 593.346 27133.4 -27938.3 593.411
69270.8 -73718.7 877.351 69119.1 -73607.9 875.769
38219.9 -38011.9 628.57 38075.7 -37880.5 627.369
26710.2 -27053.4 593.58 26599.4 -26888.9 593.165
26484.5 -26727.2 592.641 26369.6 -26565.5 592.014
53178 -56299.6 710.305 53069.3 -56138.2 709.344
54859.3 -62792 739.496 54848.2 -62758.4 739.026
26254.8 -26403.8 591.462 26140 -26242 590.979
26025.4 -26080.2 590.533 25910.6 -25918.4 590.142
25795.8 -25756.6 589.497 25681 -25594.9 588.803
46756.4 -47222.9 675.539 46627.2 -47084.3 674.766
25566.2 -25433.2 588.169 25451.5 -25271.4 587.44
25451.5 -25271.4 587.44 25336.6 -25109.7 586.668
25336.6 -25109.7 586.668 25221.9 -24947.9 586.198
25107.1 -24786.1 585.786 24992.3 -24624.4 585.435
24992.3 -24624.4 585.435 24877.6 -24462.6 584.996
17214.6 -13753.3 549.837 17080.6 -13609.4 549.933
37931.5 -37749.3 626.236 37787.2 -37618 625.586
24648 -24139.1 584.119 24533.2 -23977.3 583.655
24533.2 -23977.3 583.655 24418.5 -23815.5 583.21
24418.5 -23815.5 583.21 24303.8 -23653.7 582.763
58092.8 -64552 768.637 58058.5 -64426.1 767.25
24303.8 -23653.7 582.763 24189 -23491.9 582.373
-19036 28598.4 464.509 -19142.1 28756.8 464.762
24189 -23491.9 582.373 24074.2 -23330.2 581.944
-17403.1 26168.4 477.137 -17505.6 26320.9 477.716
31939.8 -32664.2 604.159 31798.1 -32545.3 603.319
44363.2 -44583.4 659.215 44258.4 -44428.6 658.147
19872.7 -17409 560.192 19759 -17248.6 559.708
23766.2 -22896.3 580.587 23656.5 -22741.6 580.133
48874.8 -50310.9 683.241 48844 -50252.5 683.063
23546.8 -22587 579.621 23437.1 -22432.4 579.17
26903.9 -27399.3 593.938 26812 -27223.5 593.905
22449.8 -21040.8 574.619 22340.1 -20886.2 574.07
-32786.1 49992 359.947 -32892.9 50158.8 359.968
48795.5 -50153.2 682.554 48744.7 -50055.2 681.952
61298.6 -66678.8 800.57 61145.4 -66578.4 799.238
35392.2 -35585.4 616.23 35239.4 -35456.7 615.484
32340.8 -32999.3 606.102 32233.9 -32910.1 605.692
-37904.2 58009.5 351.439 -37969.8 58135.7 355.678
65705.9 -71111.8 848.444 65574.7 -71017.5 843.788
22146.9 -20572 574.994 22067.8 -20468.4 577.872
54432.8 -59975.8 726.044 54422.3 -59807.3 724.966
54422.3 -59807.3 724.966 54403.7 -59639.6 723.918
8392.77 -6743.21 505.38 8232.53 -6624.62 504.628
31522.1 -32332.8 601.767 31362.9 -32198.8 601.3
54403.7 -59639.6 723.918 54377.4 -59472.9 722.731
54377.4 -59472.9 722.731 54346.2 -59307 720.723
54070.3 -58196.6 716.174 54033.6 -58002.8 716.939
52534.6 -55404.2 702.868 52385.4 -55280.2 702.01
51404.3 -53782.1 696.993 51306.4 -53644.8 696.411
38976.3 -38626.8 638.945 38821.1 -38508.6 635.466
51306.4 -53644.8 696.411 51208.6 -53507.5 695.94
54474.3 -59823.5 719.964 54458.1 -59715.1 719.219
49248.5 -50881.2 684.926 49176.1 -50785.5 684.585
-11908.6 7488.94 447.754 -11926.9 7738.43 447.659
46886.7 -47360.6 676.448 46756.4 -47222.9 675.539
46243.6 -46664.6 672.166 46116 -46524.4 671.062
45605.7 -45963.7 668.254 45478.2 -45823.4 667.467
32948.1 -33525.2 608.921 32795.4 -33396.4 608.086
45478.2 -45823.4 667.467 45348.5 -45685.3 666.234
41980.8 -41785.3 644.497 41873.5 -41630.4 643.508
41873.5 -41630.4 643.508 41766.1 -41475.5 642.489
-23404.1 35364.7 406.631 -23511.7 35532.5 404.855
41305 -40810.6 639.239 41190.6 -40654.9 638.953
-29364.5 44657.2 366.618 -29471.4 44824 366.094
39284.1 -38866.3 636.269 39131.4 -38745.1 639.073
18052.3 -14843.2 552.283 17938.5 -14682.8 551.679
38821.1 -38508.6 635.466 38666.3 -38390 631.086
-11169.8 6230.31 451.254 -11314 6343.42 450.829
13927.7 -10897.2 537.429 13782.7 -10764.4 536.637
38666.3 -38390 631.086 38514.1 -38268 629.882
