829.422 -2457.5 481.053 718.532 -2318.37 483.081
-18136.1 27417.8 476.521 -18127.7 27572.8 476.878
63223.1 -68957.6 820.099 63117.8 -68872.8 820.934
56826 -63564 757.672 56754.3 -63682.5 761.484
67755.9 -72378 862.273 67603.2 -72309.8 864.37
65741.8 -71098.9 845.585 65607.2 -71005.9 844.297
31801.3 -32542.5 603.268 31659.6 -32422.3 602.443
-26667.8 40479.9 371.632 -26722.4 40564.5 371.612
-12070.2 13554.2 435.535 -12068.9 13719.8 435.003
7281.39 -5898.76 499.195 7121.17 -5780.16 498.425
7762.28 -6254.31 501.032 7601.96 -6135.82 500.48
8082.73 -6491.53 503.339 7922.49 -6372.94 502.154
8403.27 -6728.62 505.113 8243.03 -6610.04 504.414
8723.87 -6965.64 506.878 8563.57 -6847.13 505.868
9044.34 -7202.82 509.071 8884.1 -7084.24 507.861
9204.66 -7321.3 509.951 9044.34 -7202.82 509.071
9525.24 -7558.35 511.924 9364.93 -7439.86 510.912
9845.8 -7795.42 514.775 9685.48 -7676.95 513.395
10647.1 -8388.18 519.513 10486.9 -8269.61 518.257
54638.1 -62210.6 734.235 54607 -62077.3 732.747
54469.1 -59852.1 720.964 54458.1 -59715.1 719.219
54473 -59989.5 725.085 54469.1 -59852.1 720.964
2205.65 -2950.62 483.402 2022.63 -2897.9 482.2
2389.1 -3001.84 483.657 2205.65 -2950.62 483.402
2572.59 -3052.9 483.202 2389.1 -3001.84 483.657
2755.04 -3107.54 483.404 2572.59 -3052.9 483.202
54113.9 -58212.4 714.071 54085.5 -58047.7 711.7
54662.9 -62345.4 732.69 54638.1 -62210.6 734.235
-32987.9 50333.2 359.308 -33094.8 50499.9 359.201
-32881 50166.4 359.719 -32987.9 50333.2 359.308
-32132.5 48999.6 362.137 -32239.4 49166.3 361.503
-32025.5 48833 362.247 -32132.5 48999.6 362.137
-31384.2 47832.7 364.29 -31491.1 47999.4 364.05
-31277.2 47666 364.569 -31384.2 47832.7 364.29
-30849.6 46999.2 365.534 -30956.5 47165.8 365.286
-30421.9 46332.4 364.627 -30528.7 46499.1 364.86
-29994.3 45665.5 364.883 -30101.2 45832.3 364.748
-29887.4 45498.8 365.083 -29994.3 45665.5 364.883
-29780.4 45332.2 365.316 -29887.4 45498.8 365.083
-12068.9 13719.8 435.003 -12068.3 13885.3 434.788
-29566.6 44998.8 365.949 -29673.5 45165.5 365.619
-29459.6 44832.1 366.202 -29566.6 44998.8 365.949
-29352.8 44665.4 366.467 -29459.6 44832.1 366.202
-29138.9 44332 366.764 -29245.8 44498.7 366.616
-28925 43998.6 366.99 -29031.9 44165.3 366.956
-28710.8 43665.5 367.378 -28817.7 43832.2 367.297
-28496.5 43332.4 367.614 -28603.8 43498.8 367.458
-28175.7 42832.3 368.167 -28282.6 42999 367.642
-27961.8 42498.9 368.775 -28068.8 42665.6 368.305
-35259.7 53876.1 355.284 -35367.3 54043.4 355.232
-35152.3 53708.6 355.432 -35259.7 53876.1 355.284
-34937.3 53373.7 355.981 -35044.7 53541.2 355.666
-34615 52871.3 356.643 -34722.4 53038.8 356.449
7441.68 -6017.3 499.718 7281.39 -5898.76 499.195
57999.9 -64499 767.683 57900.8 -64434.9 766.563
-33678.1 51409.3 357.421 -33765.7 51545.8 357.162
-33590.5 51272.9 357.791 -33678.1 51409.3 357.421
-33709.8 51603.1 357.459 -33846.6 51687.5 357.024
-37522.3 57409.4 351.976 -37622 57564.5 351.684
-37322.9 57099.1 352.111 -37422.4 57254.3 351.968
-37123.7 56788.7 352.55 -37223.3 56943.9 352.509
-37024 56633.5 352.704 -37123.7 56788.7 352.55
-37223.3 56943.9 352.509 -37322.9 57099.1 352.111
-36825.9 56322.4 352.76 -36924.4 56478.3 352.599
54541.2 -62055 734.579 54508.1 -61900.6 735.237
54638.6 -62355.2 732.28 54584.8 -62206.8 733.119
-33525.7 51300 357.982 -33521.3 51463.9 357.781
-17903.5 26939 479.164 -18005.9 27091.5 478.561
-17596.1 26481.4 478.123 -17698.6 26633.9 478.414
-17288.7 26023.8 476.425 -17391.2 26176.3 477.127
-17186.2 25871.3 475.523 -17288.7 26023.8 476.425
-19620.2 29583 466.017 -19729.7 29739.1 466.134
-19233 28925.9 465.01 -19331.3 29089.3 465.207
-19130.3 28765.2 464.786 -19233 28925.9 465.01
-18917.8 28448.4 464.401 -19024.2 28606.7 464.568
-26189.4 39734.3 373.295 -26296.9 39902.1 372.833
21965 -20325 575.366 21883.7 -20228.8 571.284
-20049 30168.7 464.063 -20149.8 30318 461.85
-26081.9 39566.5 373.676 -26189.4 39734.3 373.295
-25974.4 39398.7 374.559 -26081.9 39566.5 373.676
-25866.8 39230.9 374.718 -25974.4 39398.7 374.559
-25759.2 39063.1 375.001 -25866.8 39230.9 374.718
-25651.6 38895.4 376.319 -25759.2 39063.1 375.001
-25544 38727.7 378.97 -25651.6 38895.4 376.319
63117.8 -68872.8 820.934 63032.9 -68768.4 821.772
-25436.3 38560 381.733 -25544 38727.7 378.97
-24898.3 37721.2 385.192 -25006 37888.9 383.897
-24683.3 37385.5 388.089 -24790.8 37553.3 386.853
-24575.7 37217.7 389.725 -24683.3 37385.5 388.089
-35367.3 54043.4 355.232 -35474.7 54210.9 355.034
-23499.5 35540.3 405.109 -23607.3 35707.9 403.471
-23392 35372.5 406.727 -23499.5 35540.3 405.109
-36345.3 55568.6 353.416 -36448.2 55728.9 353.375
-23284.5 35204.7 408.432 -23392 35372.5 406.727
-22638.9 34198.1 420.784 -22746.5 34365.9 419.467
-22423.6 33862.6 421.842 -22531.2 34030.4 421.235
-22316 33694.9 422.92 -22423.6 33862.6 421.842
-21885.7 33023.8 429.014 -21993.2 33191.7 427.992
-21778.1 32856.1 430.01 -21885.7 33023.8 429.014
-21670.5 32688.3 431.318 -21778.1 32856.1 430.01
-21455.3 32352.8 434.902 -21562.9 32520.5 433.129
-21347.6 32185.1 436.81 -21455.3 32352.8 434.902
-21024.9 31681.8 442.838 -21132.4 31849.6 440.45
-20917.2 31514.1 445.169 -21024.9 31681.8 442.838
-20702 31178.5 450.028 -20809.6 31346.3 447.677
-20486.9 30843 453.052 -20594.4 31010.8 451.711
49457.2 -51111.8 685.441 49336.9 -50964.9 685.003
49579.7 -51256.8 687.432 49457.2 -51111.8 685.441
8243.03 -6610.04 504.414 8082.73 -6491.53 503.339
49702.5 -51401.6 688.695 49579.7 -51256.8 687.432
-35044.7 53541.2 355.666 -35152.3 53708.6 355.432
49941.1 -51696.8 686.87 49823.7 -51547.7 687.718
-27555.6 41865.1 369.715 -27655.3 42020.9 369.513
-27455.7 41709.5 370.004 -27555.6 41865.1 369.715
-27355.9 41553.8 369.982 -27455.7 41709.5 370.004
-27256 41398.2 370.35 -27355.9 41553.8 369.982
-27056.4 41086.8 370.613 -27156.2 41242.5 370.539
48438.3 -49568.5 682.659 48351.5 -49419.7 678.264
-22961.7 34701.4 413.691 -23069.4 34869.1 411.809
48524.9 -49717.4 685.491 48438.3 -49568.5 682.659
48611.8 -49866.1 686.33 48524.9 -49717.4 685.491
67312 -72228.7 855.865 67198.1 -72159.7 853.659
48698.5 -50015 684.939 48611.8 -49866.1 686.33
48785.4 -50163.7 683.298 48698.5 -50015 684.939
4306.9 -4035.11 492.892 4161.97 -3927.26 492.252
-31170.3 47499.3 364.843 -31277.2 47666 364.569
3754.72 -3626.91 488.722 3653.34 -3551.91 486.523
40241.4 -39647.8 641.868 40090.9 -39521.1 639.772
-23069.4 34869.1 411.809 -23177.2 35036.7 410.078
-5938.96 2389.24 463.241 -6063.12 2480.69 463.047
-5690.91 2205.99 464.079 -5814.93 2297.61 463.706
-10572.9 5813.64 452.184 -10714.5 5917.07 451.691
-19024.2 28606.7 464.568 -19130.3 28765.2 464.786
-10431.3 5710.21 452.773 -10572.9 5813.64 452.184
-10856 6020.71 451.369 -10996.9 6125.11 450.984
487.385 -2319.38 479.435 331.056 -2227.97 479.064
-5075.66 1751.04 465.703 -5233.96 1868.21 465.207
-4917.35 1633.89 466.03 -5075.66 1751.04 465.703
-4125.44 1048.64 467.792 -4283.8 1165.72 467.396
-3968.16 930.112 468.646 -4125.44 1048.64 467.792
-3811.27 811.062 468.74 -3968.16 930.112 468.646
-3654.2 692.252 468.968 -3811.27 811.062 468.74
-24790.8 37553.3 386.853 -24898.3 37721.2 385.192
-3335.25 461.138 469.843 -3495.12 576.158 469.589
-3175.42 346.078 470.196 -3335.25 461.138 469.843
-3017.02 229.047 470.517 -3175.42 346.078 470.196
-2858.61 112.027 470.907 -3017.02 229.047 470.517
-2541.86 -122.092 471.631 -2700.28 -5.08828 471.272
-2225.14 -356.269 472.507 -2383.51 -239.192 472.001
-1594.44 -828.251 474.002 -1751.29 -709.158 473.434
-1117.88 -1177.45 474.644 -1277.69 -1062.35 474.316
-1277.69 -1062.35 474.316 -1436.98 -946.545 474.136
-641.776 -1527.29 476.002 -799.874 -1409.85 475.517
-484.826 -1646.26 476.679 -641.776 -1527.29 476.002
-327.893 -1765.25 477.056 -484.826 -1646.26 476.679
469.356 -2279.82 479.876 334.393 -2222.39 478.846
-9634.32 5121.33 454.132 -9789.44 5236.07 453.845
-9323.98 4891.97 454.777 -9479.18 5006.61 454.249
-8548.27 4318.42 456.666 -8703.41 4433.12 456.422
-8393.13 4203.69 456.947 -8548.27 4318.42 456.666
-8237.97 4089.01 457.233 -8393.13 4203.69 456.947
-8082.78 3974.35 457.626 -8237.97 4089.01 457.233
-7617.38 3630.18 458.744 -7772.5 3744.93 458.382
-6996.75 3171.41 460.291 -7151.95 3286.05 459.8
-6686.49 2941.95 461.156 -6841.63 3056.67 460.702
-10386.5 5756 452.813 -10434.7 5924.84 452.872
-11075.7 6187.29 450.929 -11152.2 6252.16 450.515
-7927.61 3859.68 457.892 -8082.78 3974.35 457.626
-11950.8 8275.52 452.436 -11963.6 8454.04 453.401
-12002.3 8999.26 443.561 -12017.2 9195.62 443.109
61307.2 -66667.2 800.548 61153.9 -66566.6 799.119
-11988.3 8802.83 446.152 -12002.3 8999.26 443.561
-12075.3 13039.7 436.521 -12073.3 13230.6 436.179
-12081.1 12467 437.357 -12079.1 12657.9 437.136
-12084.8 12085.2 437.828 -12082.8 12276.1 437.605
-12086.9 11894.3 438.206 -12084.8 12085.2 437.828
-13419.2 20265.8 440.702 -13525.1 20428.4 441.34
-13311.2 20104.5 439.837 -13419.2 20265.8 440.702
-13201 19944.7 438.685 -13311.2 20104.5 439.837
-11865.3 7343.81 447.806 -11889.2 7490.81 447.541
-11968.7 9047.48 443.267 -12011.7 9195.91 442.782
-12021.3 9347.7 442.413 -12034.2 9499.31 442.426
-12063.4 9857.43 441.957 -12077.4 10051 441.591
-12770.3 19310.1 434.655 -12879.7 19472.7 435.576
-12661 19147.4 434.284 -12770.3 19310.1 434.655
-12223.9 18273.5 431.582 -12291.7 18457.4 432.145
-21239.9 32017.4 438.433 -21347.6 32185.1 436.81
-12119.1 17895.9 431.643 -12166.3 18086.2 431.388
-12056.7 17509.1 432.003 -12082.6 17703.3 431.814
-12037.2 17117.7 432.012 -12041.7 17313.6 432.104
-12038.8 16921.7 431.693 -12037.2 17117.7 432.012
-12040.5 16725.6 431.774 -12038.8 16921.7 431.693
-12044 16333.6 432.011 -12042.2 16529.6 431.873
-12045.8 16137.6 432.026 -12044 16333.6 432.011
-12050.4 15745.6 432.397 -12047.6 15941.6 432.217
-12061 15157.6 432.886 -12058.9 15353.6 432.65
-12062 14961.6 433.18 -12061 15157.6 432.886
-13131 19954.1 438.925 -13113.5 20125.1 439.692
-16529.5 24904.9 470.827 -16637.5 25065.5 471.632
-32560.3 49666.4 360.7 -32667.1 49833.1 360.328
-16421.5 24744.2 469.97 -16529.5 24904.9 470.827
-16205.6 24422.9 468.11 -16313.6 24583.5 469.065
-16097.7 24262.2 467.195 -16205.6 24422.9 468.11
-4600.52 1399.88 466.702 -4758.91 1516.93 466.343
-15989.7 24101.5 466.028 -16097.7 24262.2 467.195
-4442.19 1282.76 467.056 -4600.52 1399.88 466.702
-11938.2 8097 448.44 -11950.8 8275.52 452.436
-15882.1 23940.6 464.898 -15989.7 24101.5 466.028
-15775.5 23779 463.724 -15882.1 23940.6 464.898
-22531.2 34030.4 421.235 -22638.9 34198.1 420.784
-15454.2 23295.3 460.732 -15563.6 23455 461.658
-15344.3 23136 459.696 -15454.2 23295.3 460.732
-15234.3 22976.7 458.536 -15344.3 23136 459.696
-15018.1 22655.5 456.522 -15126.4 22816 457.556
-34185.7 52201.1 356.894 -34292.8 52368.8 356.733
-14694.3 22173.5 453.46 -14802.2 22334.2 454.481
-14586.3 22012.8 452.534 -14694.3 22173.5 453.46
-14478.4 21852.1 451.258 -14586.3 22012.8 452.534
-27156.2 41242.5 370.539 -27256 41398.2 370.35
-14370.4 21691.5 450.057 -14478.4 21852.1 451.258
-14262.4 21530.8 448.775 -14370.4 21691.5 450.057
-19519.1 29421.3 465.804 -19620.2 29583 466.017
-14046.5 21209.4 446.229 -14154.5 21370.1 447.481
-24145.3 36546.7 395.326 -24252.9 36714.5 394.212
56556.7 -63593.9 762.717 56421.1 -63540.3 762.8
55810.8 -63345.1 748.542 55709 -63309 746.521
-32453.4 49499.6 360.822 -32560.3 49666.4 360.7
63745 -69658.7 825.161 63590.2 -69544.6 823.962
53970.6 -57556.8 712.762 53917.8 -57418.5 711.954
65019.1 -70594.3 838.06 64903.4 -70509.5 837.007
10486.9 -8269.61 518.257 10326.6 -8151.14 516.799
66191.4 -71447.5 848.955 66106.2 -71385.2 851.171
-12077.2 12848.8 436.965 -12075.3 13039.7 436.521
66687.8 -71813.3 850.737 66566.4 -71724.7 849.806
52588.7 -55397.6 705.344 52503.9 -55305.8 708.515
53762.4 -57102.6 709.597 53671.9 -56953.9 708.834
55435.2 -63256.5 739.445 55264.2 -63207.7 740.952
55607.9 -63299.1 740.206 55435.2 -63256.5 739.445
59063.3 -65196.6 779.741 58912 -65097.5 777.689
59365.9 -65394.9 783.625 59214.6 -65295.7 781.682
59517.1 -65494.1 785.206 59365.9 -65394.9 783.625
59668.4 -65593.2 786.78 59517.1 -65494.1 785.206
-30315 46165.7 364.308 -30421.9 46332.4 364.627
61906.5 -67062 805.035 61740.8 -66951.4 803.13
-5658.68 2226.09 464.946 -5753.71 2330.92 468.617
62210.2 -67319.2 809.608 62063.8 -67184.2 807.437
62574.3 -67791.2 815.646 62466.3 -67623.9 814.076
56924.2 -63673.4 757.661 56823.8 -63523.6 755.918
62667.7 -67967.1 816.812 62574.3 -67791.2 815.646
8884.1 -7084.24 507.861 8723.87 -6965.64 506.878
62749.3 -68148.9 817.763 62667.7 -67967.1 816.812
62970.7 -68632.3 820.983 62916.2 -68515.5 820.06
63091.6 -68921.6 822.836 63017.4 -68753.9 821.896
-3495.12 576.158 469.589 -3654.2 692.252 468.968
-12064.1 14569.5 433.59 -12063.1 14765.5 433.39
63264 -69244.1 824.806 63167.6 -69088.4 823.981
63383.4 -69383 824.528 63264 -69244.1 824.806
58760.8 -64998.2 775.892 58609.6 -64898.9 773.861
64161.6 -69968.1 832.726 64005.2 -69854.8 827.297
64473.3 -70195.9 834.426 64317.4 -70082 835.409
65714.4 -71099.9 847.707 65583 -71005.8 843.413
-34829.9 53206.2 356.29 -34937.3 53373.7 355.981
-34507.4 52703.9 356.431 -34615 52871.3 356.643
52844.1 -55738.8 705.095 52786.9 -55652.9 705.07
65844.9 -71195.2 851.198 65714.4 -71099.9 847.707
-12291.7 18457.4 432.145 -12369.6 18637.3 432.713
65975.5 -71290.3 852.651 65844.9 -71195.2 851.198
-19331.3 29089.3 465.207 -19425.2 29255.3 465.563
67400.9 -72334.4 856.858 67243.9 -72219.4 855.132
67558 -72449.2 858.904 67400.9 -72334.4 856.858
67715.1 -72564.1 860.955 67558 -72449.2 858.904
61153.9 -66566.6 799.119 61000.6 -66466.1 797.368
68369.3 -73042 867.597 68217.8 -72931 866.097
-19944.5 30021.9 465.558 -20049 30168.7 464.063
69127.7 -73596.1 875.562 68976 -73485.3 873.242
69279.3 -73707 877.277 69127.7 -73596.1 875.562
69582.9 -73928.4 879.81 69431.1 -73817.7 878.345
53464 -56636.7 706.823 53408.4 -56549.8 705.898
69734.5 -74039.3 881.082 69582.9 -73928.4 879.81
69886.2 -74150.1 882.681 69734.5 -74039.3 881.082
54466.1 -60809.6 727.971 54464.1 -60647 726.576
-26404.5 40069.9 372.557 -26512.1 40237.7 372.146
54468.1 -60972.1 728.747 54466.1 -60809.6 727.971
54470 -61134.7 729.683 54468.1 -60972.1 728.747
-12063.1 14765.5 433.39 -12062 14961.6 433.18
49498.3 -51129.1 685.676 49380.9 -51004.5 685.008
52085.6 -54981.5 702.78 52010.1 -54894.4 699.861
42725.8 -42760.1 649.909 42614.4 -42625.9 649.213
42840.3 -42891.7 650.691 42725.8 -42760.1 649.909
43690.7 -43865.8 656.334 43571.1 -43730.5 655.692
43809.8 -44001.5 658.814 43690.7 -43865.8 656.334
43929 -44137.1 661.855 43809.8 -44001.5 658.814
47522.8 -48036.9 678.773 47409.2 -47890 677.064
47628.5 -48189.5 680.017 47522.8 -48036.9 678.773
47726.2 -48347.5 678.942 47628.5 -48189.5 680.017
47913.2 -48668.4 675.515 47819.7 -48507.9 675.651
48089.5 -48971.7 677.281 48030.4 -48869.5 677.014
49823.7 -51547.7 687.718 49702.5 -51401.6 688.695
61740.8 -66951.4 803.13 61574.3 -66842 802.017
64317.4 -70082 835.409 64161.6 -69968.1 832.726
39662.1 -39151.5 634.046 39581.7 -39086.8 632.813
43112.8 -43207.4 652.431 43010.2 -43090.2 652.007
63167.6 -69088.4 823.981 63091.6 -68921.6 822.836
43215.6 -43324.6 653.356 43112.8 -43207.4 652.431
7601.96 -6135.82 500.48 7441.68 -6017.3 499.718
50599.4 -52609.8 691.086 50483.6 -52446.7 690.309
-12457.4 18812.5 433.319 -12554.7 18982.7 433.961
50715.6 -52772.8 691.817 50599.4 -52609.8 691.086
-26562.5 40468.2 371.456 -26464.4 40452.6 371.787
50831.7 -52935.7 692.605 50715.6 -52772.8 691.817
44048.1 -44272.8 662.396 43929 -44137.1 661.855
50947.7 -53098.7 693.472 50831.7 -52935.7 692.605
51064.3 -53261.4 694.22 50947.7 -53098.7 693.472
51876.7 -54665.6 699.034 51832.6 -54539.4 698.967
-35689.5 54545.9 354.602 -35796.9 54713.4 354.375
36822.6 -36765.5 624.358 36676.9 -36643 621.467
-19836.7 29877.5 466.247 -19944.5 30021.9 465.558
-8858.64 4547.72 456.142 -9013.71 4662.53 455.708
974.145 -2560.19 480.305 809.31 -2485.19 479.899
-37622 57564.5 351.684 -37655.1 57616.1 351.622
4685.11 -4307.63 491.66 4606.41 -4240.38 491.964
-12073.3 13230.6 436.179 -12069.8 13280.9 436.006
-12034.2 9499.31 442.426 -12049.5 9663.85 442.337
-12094.1 11214.8 439.143 -12093.3 11321.6 439.018
47443.3 -47911.2 677.018 47417.4 -47883.1 677.079
-12062.7 14150.4 434.29 -12065.2 14373.5 433.924
-5415.41 2006.95 464.607 -5560.48 2122.79 464.037
1266.32 -2671.92 480.798 1119.2 -2614.94 480.531
-29673.5 45165.5 365.619 -29780.4 45332.2 365.316
-23822.4 36043.5 400.201 -23930 36211.2 398.567
54471.4 -60146.2 726.024 54472.4 -60127.2 725.981
-36139.8 55248 353.852 -36242.7 55408.2 353.722
-26512.1 40237.7 372.146 -26538.3 40283.8 371.995
-12369.6 18637.3 432.713 -12457.4 18812.5 433.319
-10283 5615.56 453.09 -10386.5 5756 452.813
23930.7 -23089.4 581.371 23898.3 -23035.8 581.082
67139.5 -72133.7 853.762 67027.5 -72055.1 852.982
10807.4 -8506.78 520.892 10647.1 -8388.18 519.513
-31491.1 47999.4 364.05 -31598 48166.1 363.893
-12879.7 19472.7 435.576 -12934.4 19560.9 435.946
54442.4 -59569.7 716.272 54439.8 -59555 715.937
-9168.83 4777.27 455.158 -9323.98 4891.97 454.777
-13938.5 21048.8 444.879 -14046.5 21209.4 446.229
68824.3 -73374.5 871.394 68672.6 -73263.7 870.025
-12093.3 11321.6 439.018 -12091.2 11512.5 438.73
26156.2 -26233.7 590.916 26041.4 -26071.8 590.512
-11659.4 6789 448.801 -11754.2 6962.55 448.91
-14154.5 21370.1 447.481 -14262.4 21530.8 448.775
22298 -20788.8 573.896 22233.3 -20690.3 573.476
-18212.7 27399 475.732 -18309.5 27543 473.578
59214.6 -65295.7 781.682 59063.3 -65196.6 779.741
-33553.5 51556.3 357.767 -33709.8 51603.1 357.459
-31704.9 48332.8 363.492 -31811.8 48499.5 363.151
54502.3 -61095.7 722.026 54503.4 -61011.1 722.435
62063.8 -67184.2 807.437 61906.5 -67062 805.035
2022.63 -2897.9 482.2 1808.82 -2835.48 481.576
3281.15 -3328.8 484.899 3109.95 -3245.39 484.096
54188.4 -58575.3 719.552 54165.1 -58478.8 718.835
48431.6 -49527.6 679.421 48368.9 -49435.2 678.413
44371.9 -44577 659.015 44267.1 -44422.2 658.41
54475.5 -60646.2 726.381 54466.4 -60508.8 725.929
25352.2 -25100.4 586.675 25237.2 -24938.6 586.231
-20287.8 30540.7 457.683 -20379 30675.4 455.221
54468.9 -60126.8 725.976 54473 -59989.5 725.085
57162.9 -63945.6 759.743 57043 -63866.4 758.806
34337.2 -34667.6 612.606 34184.4 -34538.9 612.363
-4758.91 1516.93 466.343 -4917.35 1633.89 466.03
4597.52 -4249.78 492.105 4452.15 -4142.53 492.957
-11925.5 7918.48 446.359 -11938.2 8097 448.44
-34078.1 52033.8 357 -34185.7 52201.1 356.894
56289.9 -63502.2 762.064 56119.4 -63451.4 758.247
15762.5 -12397.6 553.525 15739.3 -12377.5 553.626
-5233.96 1868.21 465.207 -5340.24 1950.98 464.862
-18005.9 27091.5 478.561 -18049.2 27163 478.33
46125.6 -46513.9 671.254 45998.1 -46373.7 670.595
-36040.2 55099.9 353.893 -36124.9 55255 353.558
63587.9 -69547.9 824.058 63507.8 -69478.5 823.851
-12097.6 10438.6 440.525 -12099.8 10632.6 440.106
61460.6 -66767.8 801.445 61307.2 -66667.2 800.548
-2066.76 -473.318 472.781 -2225.14 -356.269 472.507
-14910.1 22494.9 455.521 -15018.1 22655.5 456.522
64189.7 -69962.1 827.95 64014.9 -69842.8 826.524
30922.8 -31808.1 599.981 30772.1 -31682.5 599.5
45105.3 -45392.9 663.385 44980.5 -45269.7 662.642
-12166.3 18086.2 431.388 -12223.9 18273.5 431.582
54133.9 -58384.2 717.825 54091.3 -58191.1 715.787
54702.8 -62499.5 734.185 54638.6 -62355.2 732.28
-16981.2 25566.3 473.838 -17083.7 25718.8 474.741
29868.1 -30928.2 596.736 29717.5 -30802.4 596.556
26271.1 -26395.6 591.463 26156.2 -26233.7 590.916
53534.7 -56764.9 707.386 53421.8 -56606.1 707.751
51766.1 -54352.8 698.821 51705.7 -54194.6 698.74
-36726.2 56167.3 353.078 -36825.9 56322.4 352.76
24777.8 -24291 584.562 24663 -24129 584.092
39142.9 -38731.4 639.195 38987.8 -38613.1 638.723
-11544.7 6629.23 449.371 -11605 6706.85 449.456
-20594.4 31010.8 451.711 -20702 31178.5 450.028
53373.8 -56476.7 704.317 53315.3 -56386.6 702.666
23780.7 -22885.5 580.593 23671.1 -22730.9 580.051
66132.4 -71381.5 848.007 65982.7 -71260.2 846.828
9364.93 -7439.86 510.912 9204.66 -7321.3 509.951
44526.5 -44813.9 659.577 44405.5 -44679.8 658.728
55778.6 -63349.3 745.976 55607.9 -63299.1 740.206
15754.6 -12405.4 553.718 15600.4 -12286.5 554.11
-6531.36 2827.22 461.707 -6686.49 2941.95 461.156
27002.2 -27573 593.72 26920.5 -27392.1 594.154
53971.2 -57610.3 715.395 53908.7 -57422.7 711.766
3502.76 -3449.28 485.102 3281.15 -3328.8 484.899
44167.2 -44408.5 660.394 44048.1 -44272.8 662.396
53842.2 -57257.2 710.23 53762.4 -57102.6 709.597
39919.6 -39358.2 633.58 39812.6 -39277.4 635.419
31648.5 -32407.6 602.31 31536.4 -32315.7 602.059
6441.4 -5285.68 495.618 6403.59 -5257 495.38
42428.1 -42392.1 648.189 42318 -42239.4 647.266
70679.7 -74717.7 895.137 70571.1 -74643.9 893.823
35710.1 -35829.2 617.813 35557.2 -35700.5 617.102
57853.2 -64397.9 766.072 57814 -64373.1 765.87
42614.4 -42625.9 649.213 42518.2 -42498.9 648.477
51720.2 -54179.5 697.529 51650 -54043.3 700.191
-29031.9 44165.3 366.956 -29138.9 44332 366.764
-10290.1 5606.19 453.306 -10431.3 5710.21 452.773
615.126 -2294.49 483.061 469.356 -2279.82 479.876
52742 -55587.7 704.497 52695.6 -55522.6 704.442
335.561 -2220.44 478.842 168.733 -2120.41 478.49
-24360.5 36882.3 392.442 -24468 37050.1 391.183
48874.8 -50310.9 683.241 48785.4 -50163.7 683.298
56689.5 -63654.1 761.936 56556.7 -63593.9 762.717
54906 -62884.4 741.144 54873.2 -62805.8 739.698
-6273.17 2640.81 462.298 -6531.36 2827.22 461.707
-12071.3 13388.6 435.874 -12070.2 13554.2 435.535
58609.6 -64898.9 773.861 58458.3 -64799.7 772.193
57043 -63866.4 758.806 57015 -63841.5 758.397
58141.8 -64585.9 768.984 58108.4 -64556.9 768.559
60847.3 -66365.5 795.418 60793.6 -66324.4 794.744
-12089 11703.4 438.523 -12086.9 11894.3 438.206
-5847.2 2377.24 467.361 -5954.99 2427.47 464.404
61574.3 -66842 802.017 61530.6 -66808.3 801.696
23898.3 -23035.8 581.082 23888.4 -23019.2 580.985
-31063.4 47332.6 364.93 -31170.3 47499.3 364.843
-30208.1 45999 364.446 -30315 46165.7 364.308
54490.9 -61728.4 734.076 54489.7 -61716.5 733.915
25122.4 -24776.7 585.835 25007.5 -24614.8 585.44
-37422.4 57254.3 351.968 -37522.3 57409.4 351.976
21024.7 -19001.8 565.869 20910.8 -18841.3 564.983
70521.8 -74609.3 893.471 70341.2 -74482.6 891.07
47819.7 -48507.9 675.651 47726.2 -48347.5 678.942
56421.1 -63540.3 762.8 56294 -63491.6 762.189
32468.5 -33100.3 606.419 32450.5 -33085.2 606.351
53546 -56756.9 707.154 53523.2 -56721.2 707.08
-11963.6 8454.04 453.401 -11965.2 8531.63 452.495
4732.71 -4348.35 491.466 4685.11 -4307.63 491.66
1658.22 -2795.31 481.22 1508 -2753.81 481.149
-18309.5 27543 473.578 -18406.1 27687 471.649
22684 -21339.8 575.697 22574.3 -21185.2 575.149
-11912.6 7739.97 446.934 -11925.5 7918.48 446.359
27160.3 -27925.2 593.027 27157.8 -27922.2 593.017
49616 -51253.5 686.048 49498.3 -51129.1 685.676
48148.6 -49074 677.725 48089.5 -48971.7 677.281
-26956.6 40931.1 370.976 -27056.4 41086.8 370.613
1808.82 -2835.48 481.576 1658.22 -2795.31 481.22
-34292.8 52368.8 356.733 -34400.1 52536.3 356.608
53408.4 -56549.8 705.898 53367.9 -56481.3 704.502
-5814.93 2297.61 463.706 -5938.96 2389.24 463.241
-12041.7 17313.6 432.104 -12056.7 17509.1 432.003
-13401.9 20339.4 441.347 -13517.6 20432.8 441.112
57451.4 -64129.1 762.187 57283.3 -64024 760.765
57008 -63848.2 759.333 56879.7 -63765.3 760.78
16544.2 -13031 549.667 16395.7 -12901.9 549.791
51390.4 -53684.6 698.734 51315.8 -53594.4 695.94
26500.9 -26719.4 592.635 26386 -26557.5 592.12
65607.2 -71005.9 844.297 65556.1 -70969 843.128
48494.3 -49619.9 679.767 48431.6 -49527.6 679.421
10006 -7914.02 515.426 9845.8 -7795.42 514.775
32463.1 -33106.1 606.49 32318.6 -33000.3 606.633
54863.9 -62790.4 739.361 54852.1 -62756.9 738.974
-28817.7 43832.2 367.297 -28925 43998.6 366.99
-21562.9 32520.5 433.129 -21670.5 32688.3 431.318
-18542.6 27898.3 468.488 -18563.2 27928 468.079
-33094.8 50499.9 359.201 -33201.8 50666.5 358.868
-35904.3 54880.9 354.251 -36011.9 55048.3 354.067
51234.5 -53490 695.268 51180.9 -53424 695.061
68672.6 -73263.7 870.025 68521 -73152.8 868.872
-26840.3 40756.8 371.023 -26956.6 40931.1 370.976
41789.4 -41459.9 642.418 41682.8 -41316.9 641.398
50134.9 -51956.3 688.169 50064.5 -51843.9 687.679
22222.2 -20678.7 573.359 22150.4 -20569.4 574.97
-34400.1 52536.3 356.608 -34507.4 52703.9 356.431
-13670.7 20656.5 442.333 -13830.6 20888.1 443.549
-11814.3 8783.31 446.764 -11877.7 8921.92 445.339
38086.9 -37866.5 627.421 37942.5 -37735.2 626.118
44936.2 -45221.6 662.161 44835 -45122.1 661.058
6682.76 -5462.53 496.679 6600.67 -5404.04 496.281
16085.3 -12660 551.658 15975 -12570.4 552.191
43716.7 -43869.7 656.648 43596.6 -43750 655.719
15736.8 -12380.4 553.553 15636 -12291.3 552.288
60595.7 -66200.8 793.361 60450 -66106.2 792.975
15291.9 -12048.9 552.15 15137.7 -11930 550.736
-12069.8 13280.9 436.006 -12059.1 13387.8 435.607
43318.7 -43441.4 653.987 43215.6 -43324.6 653.356
-5340.24 1950.98 464.862 -5415.41 2006.95 464.607
-12060.8 14018.7 434.321 -12062.7 14150.4 434.29
35098.7 -35314.4 614.948 34946.3 -35185.1 614.529
-30635.7 46665.8 365.325 -30742.6 46832.5 365.497
-7462.23 3515.47 459.24 -7617.38 3630.18 458.744
42518.2 -42498.9 648.477 42439 -42384.6 647.96
-34722.4 53038.8 356.449 -34829.9 53206.2 356.29
41430.3 -40959.3 639.572 41319.6 -40800.4 639.246
54466.4 -60508.8 725.929 54464 -60332.4 725.674
-15563.6 23455 461.658 -15669.5 23617 462.616
53621.3 -56874.9 708.312 53546 -56756.9 707.154
44633.7 -44922.1 659.996 44600.2 -44881.9 659.498
-22854.1 34533.7 416.443 -22961.7 34701.4 413.691
-16313.6 24583.5 469.065 -16421.5 24744.2 469.97
58307.1 -64700.4 770.36 58235.8 -64648.8 769.735
21806.6 -20128.8 570.796 21693 -19974.7 569.876
-36242.7 55408.2 353.722 -36345.3 55568.6 353.416
-27854.9 42332.2 368.882 -27961.8 42498.9 368.775
50064.5 -51843.9 687.679 50049 -51818.4 687.62
-17391.2 26176.3 477.127 -17493.6 26328.9 477.55
-36541.7 55898 352.959 -36635.2 56031.8 353.198
56750.4 -63678.1 761.473 56689.5 -63654.1 761.936
-18396.5 27695 471.314 -18470.5 27796 469.8
24892.7 -24452.9 585.023 24777.8 -24291 584.562
46508.1 -46934.4 674.227 46380.6 -46794.2 673.473
-35796.9 54713.4 354.375 -35904.3 54880.9 354.251
47282.3 -47735.9 676.755 47146.5 -47592.8 676.727
-8703.41 4433.12 456.422 -8858.64 4547.72 456.142
64903.4 -70509.5 837.007 64852.1 -70465.5 836.254
-36448.2 55728.9 353.375 -36550.6 55889.4 353.357
36168.8 -36215.1 619.709 36015.9 -36086.5 619.073
52214.5 -55084 707.865 52176.7 -55052 706.431
44286.2 -44544.3 658.376 44167.2 -44408.5 660.394
55143.6 -63141.8 742.019 55008.1 -63028.5 742.771
4606.41 -4240.38 491.964 4592.35 -4228.74 491.995
-2383.51 -239.192 472.001 -2541.86 -122.092 471.631
-13261.6 20288.3 441.156 -13401.9 20339.4 441.347
64010.1 -69848.1 826.735 63898.4 -69774.7 825.926
26828.5 -27216.2 594.136 26726.7 -27045.9 593.794
-19425.2 29255.3 465.563 -19519.1 29421.3 465.804
-36011.9 55048.3 354.067 -36040.2 55099.9 353.893
82.3061 -2062.3 478.295 -170.508 -1883.64 477.489
-37754.7 57771.1 351.352 -37825.8 57890.1 351.014
34946.3 -35185.1 614.529 34794.1 -35055.7 613.844
1119.2 -2614.94 480.531 980.137 -2551.62 480.129
-19729.7 29739.1 466.134 -19780.3 29812.4 466.304
9685.48 -7676.95 513.395 9525.24 -7558.35 511.924
-9944.67 5350.66 453.642 -10028.7 5417.21 453.436
-12047.6 15941.6 432.217 -12045.8 16137.6 432.026
51769 -54324.8 699.349 51720.2 -54179.5 697.529
30621.4 -31556.8 599.07 30470.8 -31431 598.514
-21132.4 31849.6 440.45 -21239.9 32017.4 438.433
-12082.6 17703.3 431.814 -12119.1 17895.9 431.643
66275.6 -71510.9 848.616 66191.4 -71447.5 848.955
42317.4 -42190.4 649.163 42283.3 -42141.7 650.947
55949 -63400.3 751.756 55778.6 -63349.3 745.976
52685.5 -55529.8 704.085 52551.4 -55390.5 703.531
19089.3 -16274 556.307 18975.3 -16113.6 555.8
66106.2 -71385.2 851.171 65975.5 -71290.3 852.651
27078 -27756.5 593.421 27002.2 -27573 593.72
10326.6 -8151.14 516.799 10166.3 -8032.56 515.954
-32239.4 49166.3 361.503 -32346.4 49333 361.272
54142.4 -58377 717.591 54113.9 -58212.4 714.071
19203.1 -16434.5 556.747 19089.3 -16274 556.307
54750.8 -62585.6 735.813 54712.5 -62496.1 734.055
64849.4 -70468.5 836.24 64790.8 -70417.2 835.161
14931.8 -11766.8 548.495 14654.9 -11556.5 545.222
58235.8 -64648.8 769.735 58141.8 -64585.9 768.984
37469.1 -37305.8 624.226 37413.6 -37249.2 623.778
65135 -70678.8 839.162 65019.1 -70594.3 838.06
-31811.8 48499.5 363.151 -31918.6 48666.3 362.762
-24468 37050.1 391.183 -24575.7 37217.7 389.725
24433.2 -23805.2 583.22 24318.4 -23643.3 582.762
40027.4 -39437.8 633.516 39919.6 -39358.2 633.58
-16637.5 25065.5 471.632 -16981.2 25566.3 473.838
61530.6 -66808.3 801.696 61467.5 -66760.1 801.356
-958.273 -1292.82 474.995 -1117.88 -1177.45 474.644
36829 -36740.4 621.829 36694.1 -36646.6 621.431
39581.7 -39086.8 632.813 39445.8 -38977.5 633.187
40391.4 -39775.2 644 40241.4 -39647.8 641.868
44980.5 -45269.7 662.642 44936.2 -45221.6 662.161
49073.8 -50612.5 683.808 48968.9 -50457.1 683.493
-24252.9 36714.5 394.212 -24360.5 36882.3 392.442
21465.3 -19653.7 569.481 21353.3 -19492 568.859
36683.5 -36633.8 621.312 36589.3 -36559.5 621.08
-27755.1 42176.6 369.196 -27854.9 42332.2 368.882
-6192.06 2581.54 462.429 -6273.17 2640.81 462.298
48850.6 -50249.2 682.899 48799.3 -50151.2 682.458
-37894.3 58014.6 351.776 -37956.6 58142.2 355.356
37507.6 -37343.4 624.482 37469.1 -37305.8 624.226
53519.6 -56723.6 707.09 53464 -56636.7 706.823
26920.5 -27392.1 594.154 26828.5 -27216.2 594.136
24318.4 -23643.3 582.762 24203.6 -23481.4 582.326
22355.4 -20875.8 574.162 22298 -20788.8 573.896
63523.2 -69501.3 824.022 63383.4 -69383 824.528
-36287.8 55659.6 359.853 -36419.6 55782.6 356.109
60612 -66103.5 790.51 60608 -66010.5 789.378
-1436.98 -946.545 474.136 -1594.44 -828.251 474.002
-799.874 -1409.85 475.517 -958.273 -1292.82 474.995
14506.6 -11427.4 543.06 14364.4 -11291.6 541.23
-28603.8 43498.8 367.458 -28710.8 43665.5 367.378
-33440.6 51045.8 358.312 -33491.9 51142.4 357.904
68976 -73485.3 873.242 68824.3 -73374.5 871.394
-13830.6 20888.1 443.549 -13938.5 21048.8 444.879
31073.5 -31933.8 600.405 30922.8 -31808.1 599.981
-33494.8 51140.8 358.108 -33525.7 51300 357.982
48968.9 -50457.1 683.493 48921.7 -50376.6 683.427
21137.2 -19163.2 567.093 21024.7 -19001.8 565.869
24203.6 -23481.4 582.326 24088.6 -23319.5 581.99
67863.9 -72504.4 862.556 67755.9 -72378 862.273
54481.8 -59822.1 719.829 54465.7 -59714.1 719.045
13793.8 -10750.3 536.882 13645 -10621.8 536.257
18406.3 -15311.1 553.494 18292.4 -15150.7 553.191
43599.2 -43747.3 655.507 43577.8 -43723.8 655.562
63900.8 -69771.5 825.923 63745 -69658.7 825.161
11281.7 -8857.47 524.05 11123.6 -8740.54 523.131
60741 -66296.1 794.435 60595.7 -66200.8 793.361
44478.2 -44730.8 658.959 44371.9 -44577 659.015
37405.2 -37256.3 623.913 37259.6 -37133.6 625.352
66809.3 -71901.7 851.678 66687.8 -71813.3 850.737
28662.9 -29922.4 593.385 28512.3 -29796.7 592.617
-11160.8 6241.48 450.974 -11304.4 6353.91 450.518
31374.7 -32185.3 601.451 31224 -32059.6 600.804
-12077.4 10051 441.591 -12090 10244.7 440.828
35557.2 -35700.5 617.102 35404.3 -35572 616.203
27170.9 -27727.8 595.59 27138.5 -27827.1 599.156
-32667.1 49833.1 360.328 -32774.1 49999.8 360.034
-18705 28131.9 465.279 -18811.5 28290.1 464.229
54299.9 -58961.8 716.646 54246 -58768 718.518
14654.9 -11556.5 545.222 14506.6 -11427.4 543.06
4889.72 -4464.67 492.55 4732.71 -4348.35 491.466
42283.3 -42141.7 650.947 42252.7 -42091.7 652.307
-22100.8 33359.4 426.337 -22208.5 33527.1 424.279
-6841.63 3056.67 460.702 -6996.75 3171.41 460.291
27157.8 -27922.2 593.017 27144.3 -27903.2 593.124
27097 -27790.5 593.521 27090 -27756.4 593.15
65583 -71005.8 843.413 65520.1 -70961.8 842.179
16395.7 -12901.9 549.791 16241.2 -12780.1 550.748
-2700.28 -5.08828 471.272 -2858.61 112.027 470.907
36968.2 -36888.3 627.711 36822.6 -36765.5 624.358
-20809.6 31346.3 447.677 -20917.2 31514.1 445.169
40386.3 -39759.6 643.798 40291 -39668.8 637.875
20000.1 -17557.6 561.009 19886.4 -17397.1 560.18
36495.7 -36484.2 620.835 36321.7 -36343.7 620.249
41319.6 -40800.4 639.246 41205 -40644.3 639.128
50045.7 -51820.3 687.632 49939.7 -51655.8 686.308
-18470.5 27796 469.8 -18542.6 27898.3 468.488
47532.3 -48018.6 675.567 47439.7 -47914.5 676.978
-11967.1 8606.12 450.85 -11957.3 8787.45 446.847
-13024.5 19696.1 436.886 -13081.4 19790.4 437.07
-11965.2 8531.63 452.495 -11965 8606.06 450.736
66445.1 -71636 849.148 66321.7 -71536.3 848.499
37271.5 -37105.3 623.487 37168.5 -37018.3 623.027
5046.99 -4580.64 493.578 4889.72 -4464.67 492.55
60562 -66072.3 789.898 60463.4 -66103.5 792.659
-23177.2 35036.7 410.078 -23284.5 35204.7 408.432
57590.6 -64230.7 763.578 57510.6 -64178 762.941
53458.2 -56598.7 706.492 53373.8 -56476.7 704.317
48030.4 -48869.5 677.014 48006.8 -48828.8 676.778
54797.1 -62683.6 737.622 54787.6 -62665.1 737.286
20910.8 -18841.3 564.983 20797 -18680.8 564.813
-10996.9 6125.11 450.984 -11075.7 6187.29 450.929
41613.9 -41218 641.068 41430.3 -40959.3 639.572
36321.7 -36343.7 620.249 36168.8 -36215.1 619.709
58099 -64563.2 768.623 57999.9 -64499 767.683
42955.4 -43022.8 651.484 42840.3 -42891.7 650.691
-26469.2 40463.4 371.658 -26603.6 40492 371.475
52292.3 -55142 709.746 52214.5 -55084 707.865
54457.8 -60145 726.216 54454.8 -59975.5 725.641
15143.3 -11921.8 550.555 15029.5 -11841.7 549.741
31536.4 -32315.7 602.059 31374.7 -32185.3 601.451
-29245.8 44498.7 366.616 -29352.8 44665.4 366.467
48255 -49245.7 677.426 48148.6 -49074 677.725
-7772.5 3744.93 458.382 -7927.61 3859.68 457.892
55972.2 -63385.2 752.072 55914.6 -63375.4 749.513
41085.2 -40492.2 638.642 40960.5 -40344 638.235
43010.2 -43090.2 652.007 42955.4 -43022.8 651.484
32586.1 -33193.7 607.182 32471.3 -33097.2 606.234
52013.1 -54891.7 699.837 51991.4 -54865.9 699.599
-33502.9 51136.5 358.152 -33590.5 51272.9 357.791
23973.7 -23157.6 581.474 23930.7 -23089.4 581.371
-12079.1 12657.9 437.136 -12077.2 12848.8 436.965
66566.4 -71724.7 849.806 66445.1 -71636 849.148
57542.2 -64184 763.14 57517.1 -64169.1 762.817
65367.8 -70842.6 840.48 65135 -70678.8 839.162
-27655.3 42020.9 369.513 -27755.1 42176.6 369.196
46253.2 -46654 672.348 46125.6 -46513.9 671.254
52463.5 -55262.2 709.441 52442.3 -55246.3 709.759
3109.95 -3245.39 484.096 2934.37 -3171.65 483.779
23890.4 -23040.1 581.189 23780.7 -22885.5 580.593
-32346.4 49333 361.272 -32453.4 49499.6 360.822
-23714.9 35875.7 401.709 -23822.4 36043.5 400.201
17092.2 -13595.5 549.769 16957.9 -13451.7 549.842
54466.2 -60245.1 725.928 54471.4 -60146.2 726.024
54486.3 -60810 724.099 54475.4 -60665.7 726.327
54015.1 -57698 711.304 53970.6 -57556.8 712.762
52668.9 -55493.4 704.317 52588.7 -55397.6 705.344
54503.4 -61011.1 722.435 54504.2 -60954.3 722.736
-33765.7 51545.8 357.162 -33853.1 51682.3 357.091
37653.9 -37472.6 625.048 37507.6 -37343.4 624.482
27090 -27756.4 593.15 27089.4 -27740.9 592.887
-11605 6706.85 449.456 -11659.4 6789 448.801
48921.7 -50376.6 683.427 48885.2 -50306.4 683.047
42410 -42321.4 647.448 42317.4 -42190.4 649.163
60464.5 -66099.5 792.22 60453.5 -66095.9 792.568
21826.9 -20155.7 570.639 21806.6 -20128.8 570.796
59819.7 -65692.4 788.231 59668.4 -65593.2 786.78
31662.3 -32419 602.387 31648.5 -32407.6 602.31
28210.9 -29545.3 591.623 28060.6 -29419.1 591.358
22574.3 -21185.2 575.149 22464.7 -21030.7 574.571
-12049.5 9663.85 442.337 -12063.4 9857.43 441.957
68217.8 -72931 866.097 68141.8 -72870.1 865.448
5573.59 -4834.05 497.391 5392.72 -4760.08 496.548
-4283.8 1165.72 467.396 -4442.19 1282.76 467.056
47417.4 -47883.1 677.079 47282.3 -47735.9 676.755
62916.2 -68515.5 820.06 62830.2 -68331 818.958
20797 -18680.8 564.813 20683.1 -18520.4 564.631
58458.3 -64799.7 772.193 58307.1 -64700.4 770.36
-11754.2 6962.55 448.91 -11800.4 7077.4 448.685
-13083.2 19789.4 437.237 -13131 19954.1 438.925
62830.2 -68331 818.958 62749.3 -68148.9 817.763
52551.4 -55390.5 703.531 52403.1 -55266.5 702.757
40557.5 -39925.7 644.94 40469.4 -39837.3 644.925
58020.5 -64429.9 766.626 57923.1 -64436.2 766.306
21579.1 -19814.2 569.731 21465.3 -19653.7 569.481
-11766.7 7097.28 448.356 -11828.4 7199.24 448.037
60398.2 -66066.7 792.488 60249.5 -65973.9 792.281
11756 -9208.26 527.278 11597.9 -9091.32 526.215
52900.5 -55825.2 705.009 52844.1 -55738.8 705.095
59947.2 -65771 789.52 59819.7 -65692.4 788.231
67436.9 -72274.7 861.01 67312 -72228.7 855.865
51619.5 -54048.8 698.159 51521.8 -53910.3 697.035
56119.4 -63451.4 758.247 55949 -63400.3 751.756
57904.7 -64425.5 766.023 57853.2 -64397.9 766.072
62466.3 -67623.9 814.076 62344.7 -67466.1 811.987
-20379 30675.4 455.221 -20486.9 30843 453.052
-36924.4 56478.3 352.599 -37024 56633.5 352.704
54570.2 -61967.9 729.783 54561.2 -61944 729.449
17950.9 -14669.3 551.792 17837.1 -14508.9 551.213
69431.1 -73817.7 878.345 69279.3 -73707 877.277
68141.8 -72870.1 865.448 68037.6 -72783.9 864.242
54862.2 -62809.5 739.941 54797.1 -62683.6 737.622
-1751.29 -709.158 473.434 -1908.47 -590.496 473.03
-12054.7 15549.6 432.548 -12050.4 15745.6 432.397
56294 -63491.6 762.189 56275.8 -63484.7 761.718
63411.5 -69382.9 823.93 63316.8 -69285.6 823.397
-10028.7 5417.21 453.436 -10122.6 5487.21 453.199
36015.9 -36086.5 619.073 35863 -35957.9 618.555
19772.3 -17236.8 559.68 19658.5 -17076.3 559.18
49194.6 -50771.9 684.215 49073.8 -50612.5 683.808
52176.7 -55052 706.431 52117.6 -54995 703.755
54699.5 -62477 733.737 54662.9 -62345.4 732.69
51180.9 -53424 695.061 51064.3 -53261.4 694.22
3656.85 -3546.63 486.496 3502.76 -3449.28 485.102
16821.9 -13309.6 549.701 16685.8 -13167.5 549.573
53080.8 -56066.6 705.158 52991.8 -55955.7 706.258
-12042.2 16529.6 431.873 -12040.5 16725.6 431.774
38677.7 -38376.2 630.84 38525.5 -38254.1 629.569
12388.3 -9676 530.299 12230.2 -9559.08 529.987
-36187.2 55385.5 354.758 -36229.9 55523.6 358.202
42252.7 -42091.7 652.307 42184.8 -41990.6 655.096
54489.7 -61716.5 733.915 54472.1 -61297.2 730.664
57731.1 -64323 765.11 57590.6 -64230.7 763.578
34184.4 -34538.9 612.363 34031.3 -34410.4 612.19
52508.9 -55299.4 708.685 52463.5 -55262.2 709.441
15388.8 -12083.7 545.956 15271.9 -12009.2 549.399
13336.7 -10377.7 534.915 13178.8 -10260.6 533.919
54461.5 -59685.4 718.458 54458.5 -59638.5 717.652
-22208.5 33527.1 424.279 -22316 33694.9 422.92
56129.9 -63429.2 759.322 55971.7 -63389.1 752.055
55914.6 -63375.4 749.513 55810.8 -63345.1 748.542
56012.4 -63388.4 754.09 55972.2 -63385.2 752.072
-26604.7 40399.2 371.735 -26562.5 40468.2 371.456
-26538.3 40283.8 371.995 -26601.9 40400.4 371.489
52546.2 -55328.3 707.88 52508.9 -55299.4 708.685
49344.4 -50958.2 684.817 49268.7 -50865.7 684.522
-20215.2 30432.2 459.743 -20287.8 30540.7 457.683
70037.9 -74260.9 884.915 69886.2 -74150.1 882.681
3856.2 -3701.85 490.612 3754.72 -3626.91 488.722
60249.5 -65973.9 792.281 60110.7 -65883.4 791.189
-17493.6 26328.9 477.55 -17596.1 26481.4 478.123
15896.6 -12509.8 552.69 15762.5 -12397.6 553.525
42377.2 -42296.6 647.619 42311.5 -42194.4 649.318
6434.24 -5294.61 495.556 6265.84 -5195.5 495.062
13938.9 -10883.1 537.692 13793.8 -10750.3 536.882
70341.2 -74482.6 891.07 70189.5 -74371.7 887.864
68521 -73152.8 868.872 68369.3 -73042 867.597
51805 -54444.8 698.568 51779.8 -54349.9 699.19
50182.5 -52024.5 688.694 50134.9 -51956.3 688.169
22104.2 -20539.5 572.952 21984.6 -20383.1 571.97
-1908.47 -590.496 473.03 -2066.76 -473.318 472.781
-14802.2 22334.2 454.481 -14910.1 22494.9 455.521
48006.8 -48828.8 676.778 47913.2 -48668.4 675.515
168.733 -2120.41 478.49 82.3061 -2062.3 478.295
-13128.8 20225.9 440.442 -13261.6 20288.3 441.156
54405.9 -59410.2 717.659 54379.1 -59297.9 719.19
39742.6 -39215.9 635.01 39662.1 -39151.5 634.046
63035.2 -68766.9 822.045 63025.8 -68748.8 821.615
-11825.2 7200.51 447.801 -11865.3 7343.81 447.806
56237.9 -63461.5 760.518 56129.9 -63429.2 759.322
51832.6 -54539.4 698.967 51805 -54444.8 698.568
-33979.7 51886.8 357.086 -34078.1 52033.8 357
44600.2 -44881.9 659.498 44537.8 -44805.2 659.375
21693 -19974.7 569.876 21579.1 -19814.2 569.731
45743.2 -46093.3 669.173 45615.7 -45953.1 668.473
-37825.8 57890.1 351.014 -37894.3 58014.6 351.776
-12065.2 14373.5 433.924 -12064.1 14569.5 433.59
809.31 -2485.19 479.899 646.826 -2405.24 479.678
53087.6 -56126.6 709.222 52982.6 -55962.5 706.651
39940.3 -39394.3 637.882 39789.9 -39267.5 635.716
-11679.7 7015.73 448.687 -11766.7 7097.28 448.356
29566.8 -30676.7 596.013 29416.2 -30551 595.264
-9789.44 5236.07 453.845 -9944.67 5350.66 453.642
54497.1 -60954.2 722.878 54486.3 -60810 724.099
57015 -63841.5 758.397 57010.5 -63837.3 758.554
15636 -12291.3 552.288 15536.2 -12201.2 548.981
39815.7 -39273.3 635.358 39796.6 -39258.4 635.457
42210.5 -42084.8 646.408 42103.1 -41930.2 645.366
-26612.9 40395.5 371.947 -26667.8 40479.9 371.632
26615.9 -26881.2 593.198 26500.9 -26719.4 592.635
4165.35 -3919.59 492.068 4032.31 -3827.79 491.803
-19780.3 29812.4 466.304 -19827.8 29883 466.127
67027.5 -72055.1 852.982 66809.3 -71901.7 851.678
13020.7 -10143.7 533.253 12862.6 -10026.7 531.982
6265.84 -5195.5 495.062 6096.12 -5098.65 494.389
43846.6 -43978.8 656.708 43716.7 -43869.7 656.648
51935.1 -54785.9 699.525 51876.7 -54665.6 699.034
54644.4 -62154.8 734.779 54614.2 -62074.4 733.058
18178.6 -14990.2 552.655 18064.8 -14829.7 552.297
47146.5 -47592.8 676.727 47034.5 -47479.1 676.872
63025.8 -68748.8 821.615 62970.7 -68632.3 820.983
1508 -2753.81 481.149 1359.22 -2707.42 480.918
1359.22 -2707.42 480.918 1266.32 -2671.92 480.798
4032.31 -3827.79 491.803 3856.2 -3701.85 490.612
60793.6 -66324.4 794.744 60747.2 -66288.8 794.84
66279.5 -71506.1 848.503 66132.4 -71381.5 848.007
-12934.4 19560.9 435.946 -13024.5 19696.1 436.886
65556.1 -70969 843.128 65413.6 -70865.6 840.275
56274.3 -63488.5 761.658 56128.7 -63433 759.233
-26778.3 40663.2 371.235 -26840.3 40756.8 371.023
63510.5 -69475.8 823.773 63411.5 -69382.9 823.93
-26296.9 39902.1 372.833 -26404.5 40069.9 372.557
-11889.2 7490.81 447.541 -11912.6 7739.97 446.934
23013 -21803.5 577.211 22903.3 -21649 576.735
70571.1 -74643.9 893.823 70521.8 -74609.3 893.471
58096.6 -64549.5 768.46 58063.2 -64425.9 767.063
22224.9 -20695.2 573.625 22104.2 -20539.5 572.952
64712.2 -70352.7 833.629 64563.6 -70238.5 831.862
-12554.7 18982.7 433.961 -12661 19147.4 434.284
67253 -72210 854.883 67139.5 -72133.7 853.762
53315.3 -56386.6 702.666 53257.4 -56302.4 701.746
54522 -61897.6 734.97 54490.9 -61728.4 734.076
15029.5 -11841.7 549.741 14931.8 -11766.8 548.495
54465.7 -59714.1 719.045 54461.5 -59685.4 718.458
15157.2 -11931.1 550.505 15143.3 -11921.8 550.555
-12082.8 12276.1 437.605 -12081.1 12467 437.357
68030.3 -72792.4 864.618 67872.2 -72679 862.688
54147 -58382.7 717.677 54145.9 -58376.5 717.616
56823.8 -63523.6 755.918 56685.3 -63506.9 754.068
-33957.2 51853.2 357.083 -33979.7 51886.8 357.086
60730.6 -66281.3 794.15 60655 -66203.2 792.688
7922.49 -6372.94 502.154 7762.28 -6254.31 501.032
-28389.7 43165.6 367.646 -28496.5 43332.4 367.614
32450.5 -33085.2 606.351 32343.6 -32996.1 606.052
34641.8 -34926.3 613.349 34489.5 -34797 612.861
-30528.7 46499.1 364.86 -30635.7 46665.8 365.325
-9013.71 4662.53 455.708 -9168.83 4777.27 455.158
-7307.06 3400.79 459.392 -7462.23 3515.47 459.24
31943.6 -32661.9 604.121 31801.3 -32542.5 603.268
-18811.5 28290.1 464.229 -18917.8 28448.4 464.401
27086.3 -27740.8 593.204 27170.9 -27727.8 595.59
-9479.18 5006.61 454.249 -9634.32 5121.33 454.132
55268.1 -63197.7 740.537 55143.6 -63141.8 742.019
-26603.6 40492 371.475 -26715.2 40570.2 371.465
-15126.4 22816 457.556 -15234.3 22976.7 458.536
-6056.2 2488.87 462.941 -6192.06 2581.54 462.429
11597.9 -9091.32 526.215 11439.9 -8974.31 525.189
27785.1 -29140.1 590.789 27663.9 -28985.9 590.847
55310.5 -63210.2 740.338 55268.1 -63197.7 740.537
45870.7 -46233.5 669.874 45743.2 -46093.3 669.173
-170.508 -1883.64 477.489 -327.893 -1765.25 477.056
25696.8 -25586.1 588.846 25581.9 -25424.2 588.199
21886.5 -20226.2 571.333 21877.8 -20216 571.126
52695.6 -55522.6 704.442 52672.3 -55491.1 704.388
22041.2 -20425.1 578.044 21965 -20325 575.366
67872.2 -72679 862.688 67715.1 -72564.1 860.955
-18115.5 27255.3 477.602 -18212.7 27399 475.732
27148.7 -27835.1 599.039 27236.7 -27891.3 595.418
58912 -65097.5 777.689 58760.8 -64998.2 775.892
54873.2 -62805.8 739.698 54867.1 -62789.3 739.513
36696.3 -36643.2 621.404 36683.5 -36633.8 621.312
-12062.5 13388 435.665 -12009.9 13555.3 439.058
-18300.2 27621.2 474.347 -18399.7 27692.3 471.453
56755 -63679.5 761.475 56750.4 -63678.1 761.473
26726.7 -27045.9 593.794 26615.9 -26881.2 593.198
48799.3 -50151.2 682.458 48747.9 -50053.4 681.89
41205 -40644.3 639.128 41085.2 -40492.2 638.642
33724.8 -34154 611.61 33571.2 -34026.2 611.173
37798.2 -37603.9 625.525 37653.9 -37472.6 625.048
-33201.8 50666.5 358.868 -33308.7 50833.2 358.657
-12091.2 11512.5 438.73 -12089 11703.4 438.523
51315.8 -53594.4 695.94 51241.2 -53504.2 695.319
63617.8 -69554.6 824.017 63510.5 -69475.8 823.773
27144.3 -27903.2 593.124 27097 -27790.5 593.521
57923.6 -64432.1 765.952 57904.7 -64425.5 766.023
48885.2 -50306.4 683.047 48855 -50247 682.867
42439 -42384.6 647.96 42379.7 -42295 647.538
54367.7 -59303.9 720.49 54335.8 -59137.5 717.907
18747.7 -15792.6 555.042 18633.8 -15632.2 554.49
34489.5 -34797 612.861 34337.2 -34667.6 612.606
-25113.5 38056.7 382.982 -25221 38224.5 382.63
51991.4 -54865.9 699.599 51935.1 -54785.9 699.525
51244.1 -53501.6 695.274 51234.5 -53490 695.268
-10203.4 5550.77 453.172 -10281.6 5617.51 452.922
64883.7 -70478.2 836.702 64794 -70412.9 835.073
-17698.6 26633.9 478.414 -17801.1 26786.4 478.763
49383 -51002.7 685.132 49344.4 -50958.2 684.817
53671.9 -56953.9 708.834 53621.3 -56874.9 708.312
44537.8 -44805.2 659.375 44480.8 -44728.9 658.752
-17801.1 26786.4 478.763 -17903.5 26939 479.164
43972.8 -44092.1 657.755 43846.6 -43978.8 656.708
65878.3 -71189.1 846.338 65741.8 -71098.9 845.585
31224 -32059.6 600.804 31073.5 -31933.8 600.405
27236.7 -27891.3 595.418 27158.1 -27927.9 593.068
20227.8 -17878.5 562.049 20113.9 -17718.1 561.355
43577.8 -43723.8 655.562 43445.1 -43579.5 654.821
54348.1 -59134 717.69 54299.9 -58961.8 716.646
40400.6 -39766.9 644.023 40389.8 -39756.3 643.51
39796.6 -39258.4 635.457 39742.6 -39215.9 635.01
25237.2 -24938.6 586.231 25122.4 -24776.7 585.835
-22746.5 34365.9 419.467 -22854.1 34533.7 416.443
54379.1 -59297.9 719.19 54356.8 -59184.6 718.387
37413.6 -37249.2 623.778 37399.6 -37234.8 623.727
70804.9 -74752.4 896.795 70679.7 -74717.7 895.137
38376.7 -38127.9 628.807 38231.2 -37997.9 628.259
-31918.6 48666.3 362.762 -32025.5 48833 362.247
37396.6 -37237.6 623.826 37268.4 -37109.2 623.541
67533.3 -72292.3 864.136 67436.9 -72274.7 861.01
-12097.9 10826.7 439.707 -12095.9 11020.8 439.415
38987.8 -38613.1 638.723 38832.6 -38494.8 635.296
-12099.8 10632.6 440.106 -12097.9 10826.7 439.707
-12055.7 13887.3 434.838 -12060.8 14018.7 434.321
35251.4 -35443.3 615.582 35098.7 -35314.4 614.948
-18049.2 27163 478.33 -18104.6 27261.7 477.398
39295.7 -38852.8 636.504 39142.9 -38731.4 639.195
-35474.7 54210.9 355.034 -35582.1 54378.4 354.802
70699.4 -74744.5 895.441 70674.1 -74726.9 895.281
67923.1 -72643.1 863.21 67863.9 -72504.4 862.556
60453.5 -66095.9 792.568 60398.2 -66066.7 792.488
68035.5 -72786.3 864.375 67923.1 -72643.1 863.21
61467.5 -66760.1 801.356 61420.1 -66724.3 800.729
62344.7 -67466.1 811.987 62210.2 -67319.2 809.608
12546.4 -9792.92 530.564 12388.3 -9676 530.299
32174.7 -32893.8 609.39 32035.2 -32781.5 610.079
54165.1 -58478.8 718.835 54147 -58382.7 717.677
58045.8 -64338.2 766.059 58020.5 -64429.9 766.626
54614.2 -62074.4 733.058 54576.6 -61965.5 729.833
56689.7 -63596 754.426 56826 -63564 757.672
60585.6 -65968.1 788.869 60562 -66072.3 789.898
54712.5 -62496.1 734.055 54702.7 -62475.7 733.774
17609 -14188.2 550.482 17488.7 -14032.6 550.176
60115.4 -65874.3 791.033 59947.2 -65771 789.52
19886.4 -17397.1 560.18 19772.3 -17236.8 559.68
60655 -66203.2 792.688 60612 -66103.5 790.51
64629.3 -70309.7 833.141 64473.3 -70195.9 834.426
52102.7 -55024 700.661 51982.6 -54872.7 699.826
-28282.6 42999 367.642 -28389.7 43165.6 367.646
60131.5 -65881.1 790.998 60115.4 -65874.3 791.033
11914 -9325.2 528.332 11756 -9208.26 527.278
40469.4 -39837.3 644.925 40400.6 -39766.9 644.023
-5567.23 2113.89 464.306 -5690.91 2205.99 464.079
-13090.5 19785.2 437.639 -13201 19944.7 438.685
57517.1 -64169.1 762.817 57451.4 -64129.1 762.187
64300.1 -70032.6 828.521 64189.7 -69962.1 827.95
58108.4 -64556.9 768.559 58100 -64547.3 768.35
-10122.6 5487.21 453.199 -10203.4 5550.77 453.172
21877.8 -20216 571.126 21826.9 -20155.7 570.639
54476.9 -60665.7 726.246 54475.5 -60646.2 726.381
978.101 -2553.99 480.031 829.422 -2457.5 481.053
2934.37 -3171.65 483.779 2755.04 -3107.54 483.404
54359.6 -59183.9 718.39 54348.1 -59134 717.69
-12095.9 11020.8 439.415 -12094.1 11214.8 439.143
-13623 20584.2 441.926 -13670.7 20656.5 442.333
57814 -64373.1 765.87 57731.1 -64323 765.11
53920.2 -57417.4 712.012 53842.2 -57257.2 710.23
-21993.2 33191.7 427.992 -22100.8 33359.4 426.337
52993 -55954.8 706.252 52900.5 -55825.2 705.009
-13514.9 20434.4 440.933 -13623 20584.2 441.926
41888.5 -41620.7 643.472 41781.3 -41466 642.588
-36635.2 56031.8 353.198 -36726.2 56167.3 353.078
63269.3 -69080 819.075 63223.1 -68957.6 820.099
-12008.5 9196.08 442.818 -12021.3 9347.7 442.413
-36419.6 55782.6 356.109 -36544.4 55895.5 353.347
60747.2 -66288.8 794.84 60733.5 -66278.3 794.011
-25221 38224.5 382.63 -25328.7 38392.2 382.51
27554.6 -28823 590.686 27457.8 -28652.3 591.163
51779.8 -54349.9 699.19 51772.9 -54324.1 699.352
-36128.1 55253.5 353.72 -36187.2 55385.5 354.758
-25328.7 38392.2 382.51 -25436.3 38560 381.733
-18108.1 27259.7 477.43 -18136.1 27417.8 476.521
54018 -57802.4 717.149 53971.2 -57610.3 715.395
47034.5 -47479.1 676.872 46896 -47349.9 676.455
-5562.37 2120.3 464.174 -5658.68 2226.09 464.946
63585.1 -69551.8 824.232 63520.8 -69504.5 824.09
25007.5 -24614.8 585.44 24892.7 -24452.9 585.023
54525.2 -61911.8 732.879 54522 -61897.6 734.97
21353.3 -19492 568.859 21245.3 -19327.5 568.085
54787.6 -62665.1 737.286 54750.8 -62585.6 735.813
18975.3 -16113.6 555.8 18861.5 -15953.1 555.375
-11957.3 8787.45 446.847 -11825.9 8757.06 445.926
21245.3 -19327.5 568.085 21137.2 -19163.2 567.093
-33415.7 50999.8 358.46 -33440.6 51045.8 358.312
20683.1 -18520.4 564.631 20569.3 -18359.9 564.386
20569.3 -18359.9 564.386 20455.4 -18199.5 563.63
-12058.9 15353.6 432.65 -12054.7 15549.6 432.548
55480.2 -63226.3 744.335 55309.7 -63214.4 740.007
54054.9 -57996.7 716.774 54018 -57802.4 717.149
20455.4 -18199.5 563.63 20341.6 -18039 562.885
30169.5 -31179.6 597.738 30018.8 -31053.8 597.119
48372.5 -49432.9 678.413 48360.4 -49414.1 678.059
20113.9 -17718.1 561.355 20000.1 -17557.6 561.009
19658.5 -17076.3 559.18 19544.6 -16915.9 558.346
27457.8 -28652.3 591.163 27374.3 -28474.8 591.637
15975 -12570.4 552.191 15896.6 -12509.8 552.69
19544.6 -16915.9 558.346 19430.7 -16755.4 557.838
19430.7 -16755.4 557.838 19317 -16594.9 557.313
40291 -39668.8 637.875 40195.7 -39577.9 634.755
38525.5 -38254.1 629.569 38376.7 -38127.9 628.807
19317 -16594.9 557.313 19203.1 -16434.5 556.747
54458.5 -59638.5 717.652 54447 -59568.7 716.299
18633.8 -15632.2 554.49 18520.1 -15471.6 553.804
18520.1 -15471.6 553.804 18406.3 -15311.1 553.494
18292.4 -15150.7 553.191 18178.6 -14990.2 552.655
57008.1 -63839.6 758.895 56924.2 -63673.4 757.661
17488.7 -14032.6 550.176 17360 -13883.8 549.889
6096.12 -5098.65 494.389 5926.07 -5002.39 493.777
41814.3 -41492.2 642.63 41789.4 -41459.9 642.418
17837.1 -14508.9 551.213 17723.2 -14348.4 550.813
17723.2 -14348.4 550.813 17609 -14188.2 550.482
17360 -13883.8 549.889 17226.3 -13739.5 549.632
17226.3 -13739.5 549.632 17092.2 -13595.5 549.769
-15669.5 23617 462.616 -15775.5 23779 463.724
16685.8 -13167.5 549.573 16544.2 -13031 549.667
-30956.5 47165.8 365.286 -31063.4 47332.6 364.93
-30101.2 45832.3 364.748 -30208.1 45999 364.446
16241.2 -12780.1 550.748 16085.3 -12660 551.658
15446.1 -12167.7 553.348 15291.9 -12048.9 552.15
54584.8 -62206.8 733.119 54541.2 -62055 734.579
14222.7 -11155.3 539.547 14081 -11018.9 538.161
14081 -11018.9 538.161 13938.9 -10883.1 537.692
13645 -10621.8 536.257 13492.6 -10497.6 535.61
13492.6 -10497.6 535.61 13336.7 -10377.7 534.915
10166.3 -8032.56 515.954 10006 -7914.02 515.426
-26713.1 40571.9 371.437 -26778.3 40663.2 371.235
52786.9 -55652.9 705.07 52742 -55587.7 704.497
48360.4 -49414.1 678.059 48255 -49245.7 677.426
13178.8 -10260.6 533.919 13020.7 -10143.7 533.253
-18563.2 27928 468.079 -18705 28131.9 465.279
37942.5 -37735.2 626.118 37798.2 -37603.9 625.525
14364.4 -11291.6 541.23 14222.7 -11155.3 539.547
12862.6 -10026.7 531.982 12704.5 -9909.83 530.862
12704.5 -9909.83 530.862 12546.4 -9792.92 530.564
56879.7 -63765.3 760.78 56747.4 -63689.1 761.675
18861.5 -15953.1 555.375 18747.7 -15792.6 555.042
12230.2 -9559.08 529.987 12072.1 -9442.16 529.475
30018.8 -31053.8 597.119 29868.1 -30928.2 596.736
12072.1 -9442.16 529.475 11914 -9325.2 528.332
11439.9 -8974.31 525.189 11281.7 -8857.47 524.05
40090.9 -39521.1 639.772 39940.3 -39394.3 637.882
-11999.7 13700 440.058 -12059.2 13886.8 434.726
11123.6 -8740.54 523.131 10965.5 -8623.66 522.125
22793.7 -21494.4 576.183 22684 -21339.8 575.697
32318.6 -33000.3 606.633 32174.7 -32893.8 609.39
10965.5 -8623.66 522.125 10807.4 -8506.78 520.892
5926.07 -5002.39 493.777 5752.13 -4913.4 495.299
42318 -42239.4 647.266 42210.5 -42084.8 646.408
42103.1 -41930.2 645.366 41995.8 -41775.5 644.436
-37655.1 57616.1 351.622 -37754.7 57771.1 351.352
5752.13 -4913.4 495.299 5573.59 -4834.05 497.391
61000.6 -66466.1 797.368 60847.3 -66365.5 795.418
5392.72 -4760.08 496.548 5213.34 -4682.73 494.675
23451.7 -22421.8 579.199 23342 -22267.3 578.747
5213.34 -4682.73 494.675 5046.99 -4580.64 493.578
55008.1 -63028.5 742.771 54906 -62884.4 741.144
65552.7 -70973.4 843.211 65524.2 -70955.9 842.421
-11304.4 6353.91 450.518 -11435.8 6480.27 450.216
-32774.1 49999.8 360.034 -32881 50166.4 359.719
-11435.8 6480.27 450.216 -11552.8 6620.01 449.825
53421.8 -56606.1 707.751 53308.9 -56447.3 709.273
36589.3 -36559.5 621.08 36495.7 -36484.2 620.835
50483.6 -52446.7 690.309 50182.5 -52024.5 688.694
15600.4 -12286.5 554.11 15446.1 -12167.7 553.348
35863 -35957.9 618.555 35710.1 -35829.2 617.813
44733.9 -45022.6 660.507 44633.7 -44922.1 659.996
41682.8 -41316.9 641.398 41613.9 -41218 641.068
35404.3 -35572 616.203 35251.4 -35443.3 615.582
-23607.3 35707.9 403.471 -23714.9 35875.7 401.709
34794.1 -35055.7 613.844 34641.8 -34926.3 613.349
-7151.95 3286.05 459.8 -7307.06 3400.79 459.392
43445.1 -43579.5 654.821 43318.7 -43441.4 653.987
52403.1 -55266.5 702.757 52246.3 -55153.2 701.263
54464 -60332.4 725.674 54466.2 -60245.1 725.928
34031.3 -34410.4 612.19 33878.2 -34282 611.673
33878.2 -34282 611.673 33724.8 -34154 611.61
-10714.5 5917.07 451.691 -10856 6020.71 451.369
51423.8 -53772 696.499 51325.4 -53634 695.91
-24037.7 36379 396.968 -24145.3 36546.7 395.326
33571.2 -34026.2 611.173 33418 -33897.9 610.815
33418 -33897.9 610.815 33265.2 -33769.2 610.414
30772.1 -31682.5 599.5 30621.4 -31556.8 599.07
33265.2 -33769.2 610.414 33112.4 -33640.3 609.744
22233.3 -20690.3 573.476 22224.7 -20677.2 573.332
33112.4 -33640.3 609.744 32959.7 -33511.5 608.832
32959.7 -33511.5 608.832 32807 -33382.7 608.11
15271.9 -12009.2 549.399 15155.2 -11934.3 550.596
32807 -33382.7 608.11 32654.1 -33254 607.485
32035.2 -32781.5 610.079 31901.6 -32662.3 608.581
31901.6 -32662.3 608.581 31771.4 -32539.3 604.833
31771.4 -32539.3 604.833 31641.1 -32416.5 602.36
30470.8 -31431 598.514 30320.2 -31305.3 598.007
646.826 -2405.24 479.678 487.385 -2319.38 479.435
30320.2 -31305.3 598.007 30169.5 -31179.6 597.738
29416.2 -30551 595.264 29265.5 -30425.3 594.843
29265.5 -30425.3 594.843 29114.9 -30299.6 594.498
29114.9 -30299.6 594.498 28964.2 -30173.8 594.172
28964.2 -30173.8 594.172 28813.7 -30048 593.948
28813.7 -30048 593.948 28662.9 -29922.4 593.385
-31598 48166.1 363.893 -31704.9 48332.8 363.492
28512.3 -29796.7 592.617 28361.6 -29670.9 591.726
28361.6 -29670.9 591.726 28210.9 -29545.3 591.623
54091.3 -58191.1 715.787 54054.9 -57996.7 716.774
28060.6 -29419.1 591.358 27917.6 -29284.8 590.979
27917.6 -29284.8 590.979 27785.1 -29140.1 590.789
16957.9 -13451.7 549.842 16821.9 -13309.6 549.701
27663.9 -28985.9 590.847 27554.6 -28823 590.686
27374.3 -28474.8 591.637 27299.3 -28293.5 592.458
-25006 37888.9 383.897 -25113.5 38056.7 382.982
20341.6 -18039 562.885 20227.8 -17878.5 562.049
27299.3 -28293.5 592.458 27224.5 -28112.1 592.949
27224.5 -28112.1 592.949 27149.4 -27930.8 593.28
26386 -26557.5 592.12 26271.1 -26395.6 591.463
-30742.6 46832.5 365.497 -30849.6 46999.2 365.534
26041.4 -26071.8 590.512 25926.5 -25909.9 590.109
6504.98 -5333.3 495.807 6441.4 -5285.68 495.618
25926.5 -25909.9 590.109 25811.7 -25748 589.48
25811.7 -25748 589.48 25696.8 -25586.1 588.846
25581.9 -25424.2 588.199 25467.1 -25262.3 587.417
45232.3 -45533.5 664.41 45105.3 -45392.9 663.385
25467.1 -25262.3 587.417 25352.2 -25100.4 586.675
37259.6 -37133.6 625.352 37113.8 -37011 628.063
-33308.7 50833.2 358.657 -33415.7 50999.8 358.46
-11877.7 8921.92 445.339 -11968.7 9047.48 443.267
24663 -24129 584.092 24548.1 -23967.1 583.723
-17083.7 25718.8 474.741 -17186.2 25871.3 475.523
24548.1 -23967.1 583.723 24433.2 -23805.2 583.22
7121.17 -5780.16 498.425 6682.76 -5462.53 496.679
24088.6 -23319.5 581.99 23973.7 -23157.6 581.474
6600.67 -5404.04 496.281 6504.98 -5333.3 495.807
66321.7 -71536.3 848.499 66283.3 -71501.4 848.666
23561.3 -22576.4 579.65 23451.7 -22421.8 579.199
64794 -70412.9 835.073 64712.2 -70352.7 833.629
23342 -22267.3 578.747 23232.4 -22112.6 578.152
70189.5 -74371.7 887.864 70037.9 -74260.9 884.915
-20141 30324.9 461.625 -20215.2 30432.2 459.743
64014.9 -69842.8 826.524 63893.4 -69755.2 825.868
23232.4 -22112.6 578.152 23122.7 -21958.1 577.729
23122.7 -21958.1 577.729 23013 -21803.5 577.211
4452.15 -4142.53 492.957 4306.9 -4035.11 492.892
22903.3 -21649 576.735 22793.7 -21494.4 576.183
22464.7 -21030.7 574.571 22355.4 -20875.8 574.162
-35582.1 54378.4 354.802 -35689.5 54545.9 354.602
44405.5 -44679.8 658.728 44286.2 -44544.3 658.376
-18180.5 27594.6 476.83 -18300.2 27621.2 474.347
32343.6 -32996.1 606.052 32236.7 -32906.9 605.646
67435.4 -72279.6 861.244 67250.5 -72212.5 855.01
32236.7 -32906.9 605.646 32131.8 -32815.5 605.024
54472.1 -61297.2 730.664 54470 -61134.7 729.683
23671.1 -22730.9 580.051 23561.3 -22576.4 579.65
22150.4 -20569.4 574.97 22073.2 -20463.9 577.851
21984.6 -20383.1 571.97 21869.4 -20223.3 571.215
54454.8 -59975.5 725.641 54444 -59806.4 724.605
54444 -59806.4 724.605 54425.6 -59637.9 723.867
-11800.4 7077.4 448.685 -11838.4 7195.2 448.438
54425.6 -59637.9 723.867 54399 -59470.5 722.426
54399 -59470.5 722.426 54367.7 -59303.9 720.49
-28068.8 42665.6 368.305 -28175.7 42832.3 368.167
54246 -58768 718.518 54188.4 -58575.3 719.552
53308.9 -56447.3 709.273 53196.5 -56288.2 709.826
32654.1 -33254 607.485 32586.1 -33193.7 607.182
53196.5 -56288.2 709.826 53087.6 -56126.6 709.222
50054.7 -51848.9 687.548 49941.1 -51696.8 686.87
52246.3 -55153.2 701.263 52102.7 -55024 700.661
57283.3 -64024 760.765 57162.9 -63945.6 759.743
52171.6 -55057.9 706.609 52085.6 -54981.5 702.78
51705.7 -54194.6 698.74 51619.5 -54048.8 698.159
51521.8 -53910.3 697.035 51423.8 -53772 696.499
51325.4 -53634 695.91 51226.6 -53496.3 695.504
-12090 10244.7 440.828 -12097.6 10438.6 440.525
49268.7 -50865.7 684.522 49194.6 -50771.9 684.215
29717.5 -30802.4 596.556 29566.8 -30676.7 596.013
40960.5 -40344 638.235 40830.8 -40200.2 638.683
64785 -70423.7 835.27 64629.3 -70309.7 833.141
46896 -47349.9 676.455 46765.9 -47212.2 675.728
46765.9 -47212.2 675.728 46636.6 -47073.6 674.967
46636.6 -47073.6 674.967 46508.1 -46934.4 674.227
65525 -70954.7 842.523 65367.8 -70842.6 840.48
46380.6 -46794.2 673.473 46253.2 -46654 672.348
45998.1 -46373.7 670.595 45870.7 -46233.5 669.874
-5954.99 2427.47 464.404 -6058.3 2486.39 462.84
45615.7 -45953.1 668.473 45488.2 -45813 667.661
-23930 36211.2 398.567 -24037.7 36379 396.968
-33843.4 51690 357.07 -33957.2 51853.2 357.083
45488.2 -45813 667.661 45358.6 -45674.8 666.408
45358.6 -45674.8 666.408 45232.3 -45533.5 664.41
39445.8 -38977.5 633.187 39295.7 -38852.8 636.504
44835 -45122.1 661.058 44733.9 -45022.6 660.507
41995.8 -41775.5 644.436 41888.5 -41620.7 643.472
-11975.5 8606.34 451.169 -11988.3 8802.83 446.152
40830.8 -40200.2 638.683 40696.5 -40060.6 642.483
40696.5 -40060.6 642.483 40557.5 -39925.7 644.94
18064.8 -14829.7 552.297 17950.9 -14669.3 551.792
38832.6 -38494.8 635.296 38677.7 -38376.2 630.84
8563.57 -6847.13 505.868 8403.27 -6728.62 505.113
38231.2 -37997.9 628.259 38086.9 -37866.5 627.421
37113.8 -37011 628.063 36968.2 -36888.3 627.711
